2834823
199142
3891318
872544
8706228
4197039
8186962
2796852
9518171
6262423
5860319
2056887
7094141
816261
9126273
2648278
6621644
3601548
2773535
8712106
6713051
9981372
8414910
6876730
3833990
9865470
8270509
2559104
9904892
4393220
9687847
6933684
3058067
8118557
7619086
518868
6450681
1267211
7088491
529089
923186
715321
2323294
147450
2113565
626951
8680129
5019013
9194208
1790111
7655513
3874409
284336
5012719
4370593
7072524
7636432
2357489
3169015
2652036
2942216
1914514
4219399
2388326
1186273
5590127
3344438
9134771
5520610
8866242
2084023
9611736
9464622
8081291
680626
2747607
8086544
5287529
8011858
3415796
5683854
6244347
3446388
3477420
6588954
4745318
7940549
6210211
3052059
2943679
274067
7567970
4039989
6084813
7825186
6832562
9945704
1096611
6396472
5887482
6203917
4717733
9433321
9670319
6371701
5746175
6008459
6699533
6541279
3608683
7591592
6654497
1791231
7257708
8295405
4801286
9768123
207727
6485613
5207221
8705060
3267706
4569716
3607426
1307128
6414552
8245530
6721718
9190819
1378654
8305812
3345557
6294450
367196
6815938
2699913
206221
4243493
7075983
1515246
5731575
2398972
5181016
738049
3350899
7771244
1300391
6482749
8417176
2747190
8178360
4103529
2658638
695718
2674385
4881591
797213
1444713
2802045
4629166
8752463
3694393
2882584
9114890
523375
6581788
4001957
8653702
8355802
2488931
6647973
6677651
1625972
7630633
7962918
9570728
8166054
99587
5207969
3430473
2269549
1650724
6323407
8313785
9852390
7565950
3035960
9117276
7971434
7980316
4801914
6902852
7629466
4013637
3142551
9779143
8548266
8112109
5646195
9585068
7407969
8188407
6474169
4380425
715792
9156637
8517403
7139268
2595173
9750397
5967113
621665
8890415
6988
669289
7183425
2158337
8484023
7023074
9678417
2123942
7200946
1824316
3714594
400344
1473950
5700816
7249370
4952327
707452
1230678
8315338
9159973
2508443
9486269
7399599
9590929
7898016
6901705
1725458
6529721
3156756
5272068
6374387
3271288
3810499
3937012
8117445
2382236
9091844
8368054
7583494
3225590
6024414
6853417
8852533
5998393
3015202
6480637
7423613
2336959
6090639
6170278
1853930
1818156
8533872
1552240
9397288
6354555
6321042
5268274
5373452
5616451
1099528
2599491
5529335
8409230
1185236
7122712
9405902
9663987
7568266
7853194
4052307
687730
7335067
1244672
4123542
8587371
8509710
5110661
2433540
2194704
8970035
9002881
4602760
7848734
6755774
4088612
4894730
2707140
5485520
3444124
2921750
6295098
6890153
9311240
1049533
9387415
5532911
4493928
5549444
5614569
3025911
697689
1082158
4432813
9507108
3532894
5915448
6793079
6568678
9250010
3469435
9055636
4720310
5080025
8145334
7750769
5757446
9424823
4249167
1581633
4197773
1041454
794641
5408088
8229390
2861472
7096775
6033811
4087106
408189
3278419
9125928
3353131
2382555
9567144
8708121
3326780
662965
5445224
6235698
5396735
1696854
9416115
6337101
8896353
7074598
9931351
8692342
4402413
9445555
3897756
9471053
7342754
7403326
2625661
312835
2269145
3564187
1122742
8435656
7325217
5300679
94931
3657621
733823
3195764
9106811
3779979
8638328
6928229
4658859
7588959
9274267
8131810
9109946
285034
2805784
8111804
6795594
6840084
7009223
6150503
9021549
7744790
7773015
5998167
5706109
5307355
7626085
1173837
1815253
4889485
4768180
4868093
1768571
1343667
7151904
3365269
403055
5083726
2638908
9704654
1746246
630213
6067362
3092630
7201987
1871471
5942032
2765566
1740368
9029646
3707958
4333804
7021803
8790676
6841750
6963686
2796612
7515157
7146055
3288413
9081554
6857623
9159463
349497
1086843
2959853
7774973
4233895
2342330
5062279
9753470
7308377
6729422
1436770
8862555
8209059
5433442
3361958
1776500
4957215
3501333
5820566
3105663
9667685
712662
7373280
5093719
6776149
6347701
2942775
9797115
8222159
3451365
3887080
4024188
5891474
2609750
5143327
1360358
8546540
8796580
5215258
135118
3155841
5174839
8659208
5704612
6850320
1043874
215270
2482459
9994379
3817247
2892025
7362267
5448961
2022035
895088
31193
2503699
9110348
3881582
490102
9867099
9938178
1753910
173218
6492850
2596860
3431428
3738500
6354441
9258710
7750313
9863919
2553697
5655822
2515257
115144
4032756
8200050
7316135
9894682
6258015
2430307
5950118
9535967
6626085
8636478
6536969
2545935
1171023
4564553
7093086
5635944
8718379
4557340
6765661
3846797
8883631
5242412
6816795
5728090
7167731
466391
7936255
4912200
3423517
6884300
770312
6083075
6356220
5557008
867629
7138379
5149128
8383809
6453090
4824496
7995236
4263597
9694466
4117885
7541285
5422083
3703556
9220190
8741517
4139396
7427060
8713978
6221754
870370
2091145
9662035
1554690
4435994
2800618
9393266
269313
5590380
4222988
9332780
7802868
9521982
574101
2370201
9505509
5101791
5081717
4370824
5750430
9476245
9841676
8060352
1567874
8661194
976890
249227
8265179
810038
200800
7986412
6997185
1492772
1872613
7133825
7357739
5575953
7945020
8896132
7344918
7193741
9600681
8777104
7958791
8955928
3205289
3438354
3426759
1021749
4466372
645287
3049902
6646782
7912825
1765455
7980945
1985917
1861663
3389843
7537782
3477940
2519573
5281889
8399179
8533613
7152781
8455853
6120952
9579090
2263345
4176032
4680824
4113002
6725015
6511053
1875835
1072224
1196541
8650090
3327385
3045402
6205814
8326879
8287625
318360
3478218
8151562
2029722
868852
3541364
6193626
5606721
7781173
8358382
2872413
8386896
1923675
7500615
1012394
215465
4507513
2348296
9180418
5012337
6393609
8716953
2881425
2096001
4559804
8008552
8416454
1788182
4073143
7121449
6745062
6679761
8905653
4555344
9324866
7083137
8987701
2451078
8375490
4909390
6119182
6717280
8325819
1297006
799167
4545792
8784402
2965321
4970804
6487369
4155713
2628770
8660044
9097772
2990706
701054
5867248
5566479
8106704
515294
3222597
1308886
3029126
7859593
9095678
2118381
6592686
6995086
108902
6177351
9384638
158629
7266662
6436239
6495872
6287279
3231799
4714589
1829091
6212440
3797839
6260280
7552051
9876956
1666556
1022430
7594008
8375430
741104
6740929
5931652
1515218
8862334
2203845
7319398
5119235
600338
7533882
2161529
1351364
6956872
350826
6278813
4928404
3305969
6006355
8312581
9844496
7363647
2841043
1455705
9621701
975242
6231559
1541248
3539523
1223074
3844333
4004670
3258983
1458987
2795807
4945165
5877095
4835920
9480250
1475244
1127094
845563
5329453
5042504
6997754
4385378
9490509
7927122
5138335
6941660
9264476
1271875
1231471
7705068
762428
5165864
1573316
733686
5486670
1949621
1100634
5049589
9846261
5685047
9320122
3228972
4255089
5831511
3761322
6887040
8196914
5343540
1893357
9017012
1140586
2277985
4519578
7336705
5263827
5837234
1550939
6323268
1135677
1635779
9373681
1759462
9988950
8970689
8911905
6335752
5094510
4787062
1179311
5159726
2305973
1324270
4183280
7030093
1631417
5757148
9088715
5091240
6454551
3487301
2703119
2544484
859377
2522326
9318870
3408700
3902781
8429049
5640103
9578335
1086572
2115643
4299586
8499810
1239962
4351526
4355055
8002470
1038215
587657
6785826
7262773
5026016
6600961
8331411
6150749
7050094
4061510
3422529
9272895
8278918
2636856
4131688
6459084
633075
8276774
8633314
3052974
7116219
8156741
539241
5395427
1360652
3838643
7685129
7522743
5740690
2051599
2844657
5142314
5340956
6263846
2204637
7684431
4831814
988862
8867365
5844417
6687797
7951372
2708085
8895980
3187098
4372794
4064731
2885498
9863201
5676803
8089035
834034
5239570
3433259
4544584
7521903
4724499
8937082
1911300
5698880
8175283
3180724
8666844
8578152
8710063
7873529
9286917
8100896
258526
3345359
1026642
2276867
6858552
5370233
5803784
7370321
429227
4405909
4002157
3585791
2541349
5267519
9582478
2274683
2961085
4938019
2567961
6306315
7063874
8868282
9530169
6751142
4375231
5666903
3549113
1758691
3870887
3153215
2642813
6769588
7512821
3426280
7813131
6638155
5955591
7017857
8576231
9156172
321084
7736243
2169585
9864224
7024588
6985324
6129612
4700200
7351456
5260996
9722683
9613315
5573117
4999192
1390283
3143369
9849249
2224095
8272194
8146543
2775277
2615832
7149746
560028
8668290
1979608
5826300
8470912
2772474
1614036
1817770
7283348
