2367438
7663481
8006340
8553460
4536420
2444844
1830187
7974066
5559742
2540632
5384656
8438879
8989556
3504952
5989855
4540259
9088227
920537
9049045
9182351
9530934
5670276
6605302
3795220
4501147
9781090
6236541
5917235
6690098
6501168
2748331
8470368
4363623
50845
3101510
1898880
25162
4209904
3247350
1700536
1469046
377375
1800145
8081395
1650199
3164220
4885471
3243550
9650847
4465886
1775395
460791
1131145
1739741
1484214
9550819
6410958
2039594
8572000
9999756
250265
8396755
4601112
8638286
5625268
9163736
7876742
3501563
3840400
7428783
6159927
3900006
8492668
426013
1029476
9175996
2371604
8764197
9824977
9217170
6076822
2391249
4648646
9833091
4459968
9930058
3203958
3923704
509420
9489035
3641539
8673184
1331153
6445794
8092846
166687
8206378
6008144
9281770
9608799
9719151
6356968
8523687
3105301
3627749
2492477
9022149
1690546
3534649
1090200
8556151
2879725
6256457
9527978
2354962
9185214
6397064
7744781
5330885
3094795
1895342
8789283
5643801
2892288
348909
5481662
8725829
3066446
1325921
9245727
9972542
2469524
6794256
9252430
6433242
7468248
135893
3843953
7755100
4043494
1496616
6569365
5650085
2842988
6131788
5029165
2855627
5135394
8504383
8830282
6451992
4079543
9707224
3564814
1356332
8026091
7776161
6626320
5104724
1918472
3427415
186032
8911637
623363
9031857
2898901
4834754
64576
3618226
1433327
4416121
1910775
5667092
7901282
2051320
4872527
2747631
2293291
6223895
3998690
9209945
7761915
309466
9189540
1044168
42661
5810975
3817281
3937419
2576383
4681024
1763468
5714636
2163822
8760615
4859281
8168108
9858143
1796197
170649
8903490
9193913
8786047
1119259
6339718
2970916
3327502
1117798
9189425
4134586
9791702
7459623
1632340
7422432
8152380
9976270
3002462
5993279
9582805
242727
1965790
2595064
2681456
440911
7312384
2258160
1274357
8580714
1939154
7214679
2757958
8805291
7713033
2169759
9810064
8146869
8909603
2025748
6031835
5165540
3579028
5488008
7290606
9655381
9325869
8171447
4496671
521845
5843855
8936063
9808190
8376818
2972487
158809
7313344
4926367
6902354
6878069
6766073
6312658
6312387
1664798
4208080
8866916
8298074
6836169
5024928
4636925
2578043
1723376
162125
1532844
4110406
5779953
9914174
7526348
8697457
9852064
4254624
565076
4334827
4429119
9025206
5787922
6748822
529325
5712191
3724150
1191572
6985485
301605
7634313
5093854
5501916
4462429
3720042
2880325
7774256
9983053
5842676
7350145
8631306
6404853
1893283
4397425
8037948
3727337
8173300
156842
4727931
5366395
8612608
4347790
7184393
3527401
2432930
599479
1630603
9999138
5223628
809708
1494624
9702221
4839482
383092
7672009
513883
9981876
1681127
5048228
5673177
8919566
3795422
6936518
2199369
1754400
9979337
4122021
4977925
2185349
8443594
7488673
7266445
2315164
7918717
2318790
7427300
1358257
379566
1784148
6794107
3586073
3386900
9510628
7196355
725158
6998509
8540729
1514415
7139026
6360123
69727
5992661
1914456
1518326
6990712
9236796
3672604
3287261
3216622
9927418
39343
5024374
4837912
7371971
7933043
7034093
4140593
9454842
2365876
586146
6764517
1582834
4459645
5065997
9386429
8779921
3487199
8179784
7135231
286691
2729847
2235936
7802035
7643061
260381
9578034
3813463
4484869
4075434
770372
9382362
3111762
142912
9904731
6617624
4401785
7287603
4328046
6613275
9704986
6819747
4563999
8209518
9864878
1787278
8607683
6380535
4096102
8397649
2435591
3629106
9834864
7769490
1133202
4281074
9536382
2258035
8134926
4031626
3102163
9713985
2036628
6724239
4112334
5147094
6061728
8829502
3725844
4806716
3107245
7248469
543377
7211777
9539400
5363072
5922813
2697944
974794
563132
7372953
9844052
5091871
4081190
6779555
3852544
3610103
3962154
6006661
67923
9611054
3160313
4627057
9277635
7976565
583211
9603728
8078230
5904976
1445419
5018632
1719718
2959454
9161425
5738809
300542
8165316
2842355
4498599
3062831
1958017
3861808
8362239
7606368
828774
7308706
5813834
1394538
5832800
753167
6142616
1778383
7643352
815706
5202675
9737639
1710716
3005795
3737277
5969037
6638601
3925469
433976
4740506
8759065
1617452
5901059
2101689
7270086
2394230
7085378
1675411
3956193
2704466
7643937
8266290
5971904
1313559
2853015
8029198
5016485
353913
9888289
1880086
9742227
7478277
3196117
4047572
5226094
5599172
2982242
1211429
3758839
9321214
2374550
8537820
896585
1174138
1344514
2393522
1552200
3455563
9205888
3651227
4659266
626029
8602341
2141166
9753936
5400640
8852432
5567176
248693
3962619
9486404
4262009
8806528
1890892
2532067
7143635
3486720
7092476
7674541
5618027
319716
8515179
2004921
6680157
7684783
9662876
1367844
1859120
8145020
3544394
5301925
2516498
1309497
2292114
1725480
2870610
9289740
1606588
2791657
5532981
5974817
2712038
5866184
5179209
5695422
5079900
977038
4813775
2175368
4417393
5196834
1918797
4249779
1302917
8983677
621288
8692620
1716471
1807192
3437123
323364
268604
5491128
2370158
7790698
5498946
224106
7276376
4216237
3059702
5170492
6456447
8039283
2089371
5341348
1599879
124138
48580
9840875
3696479
4475473
4293505
1702978
8922116
7050563
1639594
9080209
1566298
4812826
4545704
939208
6669900
5418495
1919995
9498432
6767450
4999522
7624304
7516104
9946616
7249396
9803734
4781335
513445
633942
4711800
2953921
5661871
4745400
7288057
1393824
7466424
1127279
9925993
287790
2850342
7957753
5325372
6680871
1806291
9379018
9855265
616630
5001327
4935915
2489457
6143699
9078898
7975611
9955868
3909427
6053060
7786337
3683664
2086325
8087695
1595631
1706580
5996665
3668307
6790247
360655
1170417
6547267
8447421
7882572
6342287
2681586
5097976
3267858
5430580
1015456
1555388
2363901
8047565
687878
6709083
6439331
280027
8516045
1583006
9258004
6188970
9565283
1765806
3192491
7213168
2385804
2614129
5107358
8172330
5062165
8783136
3674127
7936410
4310973
2385741
2854045
6560252
2397250
8407118
9810609
4314127
2416441
6628722
2529027
248777
318717
393762
7002699
4380325
3098672
5543569
2798133
8146025
6023252
8608461
5901472
4142868
1245676
828213
3637359
6770322
244202
5977760
2037949
9672174
8938087
1748446
384415
7175314
9075539
9397340
1824232
5585783
3494696
548041
3478315
773951
5426837
2000878
3018522
67923
3628188
5488792
4498407
997554
4129008
2882390
268757
4551888
5133897
4564148
5827628
1536496
4924970
9347664
8295122
4457082
128547
1587844
8402514
1697024
9724485
9943727
952373
5643188
2285198
465045
4535678
5594340
9693706
3161476
1836285
3104864
8880604
9909000
4472684
8547982
2514120
3036251
204734
2425329
5658493
8614867
1885045
3743384
9692140
7101915
9870723
7168726
2029043
1106501
9443857
9908737
3992912
8146899
1140080
567331
935855
5948050
840870
392423
9079860
846989
2792967
4864241
1621472
656178
6048493
6221548
8783550
2923092
6682336
1405323
9126961
2485227
4362378
7829621
9417606
5425203
8569353
9008359
9617617
3938610
4805474
6522017
1338315
4482463
9516035
5690293
5029220
6816767
6691093
4309135
4440586
6774298
6276500
2148059
2658476
7238827
5207306
8913811
3177114
2633485
1720159
7560072
5815103
8173354
5996999
7769333
8371392
4860906
9847462
5993365
7640607
2480268
7031798
5141018
2125485
1530991
3180790
3500572
9215329
281469
4094694
5128436
3392167
7422051
9978448
8265153
3149610
938357
2197586
7407809
6368286
2729980
2089756
1293889
793259
8500546
3440357
478780
9060091
6207895
6067069
5345179
9393584
5186429
1712092
7826027
4296672
3936389
8562129
879816
2269687
5970537
9298033
4283995
3302007
7860311
5879680
3609637
6954893
5577261
5121356
1224762
7451527
1350467
3042660
3450443
5781781
8774013
7307111
1330003
8109854
2172566
3736803
1071741
7704692
6882684
7504223
6979672
7061137
4775078
6390602
4407392
6928739
4664028
7591741
3143407
8197048
755544
9603566
9340163
6821528
9427597
1527029
666767
5711616
1069816
8206684
4875552
1985650
5173971
9217066
434871
5370594
7075622
4637097
6598047
608124
224074
7549374
2242905
8531373
1809947
8917855
9711023
4726449
7570487
5058430
909103
7275098
9913891
5144
5996913
5331821
4718369
5526860
9848660
9899063
6975838
8591986
4865902
1187501
3678055
9846528
2814228
1937667
970359
5629044
977366
4492426
5328553
1700648
1885364
1258594
5896394
2003234
6035881
7715929
8294011
1799838
5472714
1847504
9067331
5994751
8476933
8990644
187812
2643207
2917590
2621045
1207480
9678863
4169131
8268207
876833
2745452
1563060
5233695
6585710
8102100
7898888
1771164
7870329
8450628
2821177
1248111
7113347
4559415
9563074
7190211
3861595
9194525
6397752
1080710
3288610
3033798
4948298
1985960
4965875
3417932
2959028
9146176
882465
3938211
4802525
118040
6216539
1528065
8292574
640736
9630467
7357492
3638826
7961926
5110138
4345169
2582625
3101029
4469957
7692070
6991399
7270246
1189327
9086461
4475906
8364624
1889485
46285
9270611
2656553
3362256
4189720
3877772
5677077
6237331
979209
5895237
5380535
4109811
3872233
3361459
3650008
6371756
3373604
1832355
336331
8892684
4280515
7578470
604133
1667292
6935560
4801754
1572020
7608859
1138301
4041299
7720919
8299385
4715922
5880176
3458421
4112895
5874578
8410944
4418590
1590347
7752058
321334
5890193
6226317
9196334
298347
7256817
2632657
3087387
6046131
5087567
7454796
537418
6573177
2176545
3862366
2289812
3646812
579472
5846910
5641537
1725572
4384387
2147061
5975734
7682568
1703462
5973950
2631459
6279776
2930456
1150774
6056521
9331233
231750
5781551
9016181
7738569
2438313
6859159
2625971
7202826
2689567
3295975
1334153
9599150
1837474
7942053
6908453
3535938
5259045
3389048
4877907
9425
9978346
4046217
8988344
1745467
5462696
4592447
9708675
1020993
3914057
1151093
3327757
7817561
9490009
9570068
5730479
1383234
595515
8992322
4358845
662444
3010757
2674988
3076190
9598398
6589365
8843974
5962390
1469938
3215442
3222557
4881474
8830794
4095285
8788087
2854471
1993767
3550391
78171
9253924
2198144
5487358
3726592
8890864
9583997
5987605
9015376
530914
2801826
901987
9402753
4954300
9181306
3310574
7907659
1780627
8992082
1837677
1950941
6278431
6904974
3170809
3108193
8646217
9699940
7157959
3709786
598377
7444801
214140
7565860
8193907
5673890
7482890
9293209
3283692
8483396
5323418
8512371
5071066
289798
18865
5950516
3448599
2498806
7347653
2947131
4430275
5247786
4632991
320861
2443303
6281445
5823274
4801661
7764548
3400630
6850671
3523064
1404328
22485
8959612
4297476
6152708
3562383
9720160
3224587
7824038
5890772
3529613
818127
2732556
4299586
1401723
5020406
2176601
7919226
3162172
8343425
8667114
9482220
3376921
4479485
2457346
4669678
5225470
4149713
871325
4844874
2656038
8860875
7849741
6842537
7762838
7211728
8748324
4039576
6030102
711387
9364422
2295872
6670630
2508804
7765550
501445
1851855
4699210
1613992
7839483
3184020
8869936
7205836
1415280
8855771
3456214
2607669
9296713
2572711
9118143
4664413
6736615
647452
8184746
9493009
769423
7675139
3775037
8524245
1003562
7700730
1455017
9875396
6135347
3119011
5701321
8209060
2427473
9785146
7656243
2893009
5152666
8931977
3165454
8694531
5698005
5028116
8124749
1948231
731461
642163
498388
7968234
9832185
2439138
2936888
7740886
9821174
9331262
3574620
9630039
8393631
492888
2966935
2343524
931415
4654393
4176251
2573958
4014693
6952522
7928087
8929133
2343570
1918292
1961113
4416235
5079084
8819236
237270
2327103
8182447
3358338
6690292
6862061
7766063
7383190
9313776
5412331
8017248
53326
9165408
5504090
4725313
9211892
9355944
8539836
3313431
6534056
2211722
8332715
922544
9588361
5529974
1407303
7290954
5197570
2042080
614403
8959291
7482809
6114931
7989100
4205067
8701381
4887287
8651195
3578941
5505844
2557437
4698892
467788
637279
3605780
2727361
9187444
9023008
4952113
4559686
316640
281112
3512861
6976396
5725871
5934777
143070
1354372
9101505
1913879
3119444
2537263
7495583
2118037
5360345
914925
5857361
6282250
5108041
4200778
3286735
6330141
6118055
2492367
1508891
4478446
9497694
5007397
7428361
8807172
8302423
4005123
6887887
3944955
7066179
1716195
2663391
4610502
1816105
4367114
6649218
7646564
2081413
2799355
3570312
3377906
8178913
5702646
2509001
5444508
8906731
8247134
9253990
7245627
4471683
594975
7365474
8310454
7165229
8278187
9786339
9263704
5408937
9124912
4583419
1181391
2590441
1699718
8727009
3677061
4392681
8519295
9288957
7882107
1596254
6024918
7003966
4896439
7231881
3735329
3960910
8609464
4452693
8133089
8607900
8470944
9722922
3460631
5422320
8985572
1385551
9200468
5322110
3750013
8814876
1677574
9271178
8947343
2948307
4025750
3916721
3315696
2039112
4227959
5568535
3393805
9501184
6609938
3438739
8949542
7829788
4561688
4040919
1197169
7206687
3719838
6719341
843736
8865684
3056562
7756601
3378579
7796224
6343762
2372023
8448042
9007430
9150248
5031503
3402704
532743
2075763
481517
9900537
23089
8546440
4248682
1950193
1845686
3091691
2595860
7662984
1212219
2442904
6706006
8629946
5241133
6800687
7947045
6090173
2322883
2157019
7933305
9880817
3735383
9327111
8144275
1236934
2985974
4285998
9945006
7548414
48654
1377261
9733348
8002702
2950971
5990577
3515047
2022698
9656618
1549727
6733787
6446679
5088351
1026527
4465819
6406706
7753230
232893
2747531
4381255
6698516
9053517
4940322
7412926
7439374
6012242
6723257
2979680
9327541
3721683
5957791
6328322
8064723
1780761
1244220
8815397
1212376
2226136
6162657
6971847
5897207
9651992
4929745
1555090
9678749
2940844
198265
8847180
9450589
4870372
3977478
5250929
2908125
640877
6335766
4472540
2877264
4634229
9998727
9184950
2738371
8444915
41565
459725
6421195
3346965
7530749
8252887
3913995
6765657
22636
9297246
661843
1947859
5043857
439315
9879614
3347005
1760186
416972
6651680
1406909
2453440
1156825
1099080
2305132
9052940
4599170
4702583
2671982
9471147
7974700
8292492
468427
429040
4683067
1597348
2685509
3062503
7574521
9042758
4722607
5549061
2630022
7625296
3545135
1787025
4841199
9119848
4098703
2937457
7685133
9362684
4156329
8386169
4300699
1878379
2700032
3426098
7226412
7145468
8445927
4499181
9333794
35698
2814947
5241744
7894565
8166591
3583569
1334639
8668818
3539614
8644733
6575263
319148
6294624
1137837
4472386
2884252
9960235
3715972
6734235
7793573
3163827
954499
8335867
8266187
1215759
1907217
6646141
5550361
4218921
3102269
6258549
9146845
829839
2001849
6698655
181577
2187074
6624847
1205281
9300203
7978631
9109852
1897509
5730454
1955169
1750604
5310966
7277606
9684336
7315509
9924121
2551800
475987
9950384
9188771
6744163
1233402
417338
9090307
7052495
918385
4620627
3771424
7586799
4314102
562667
8168297
7446843
6488035
723243
7759215
9219632
1226568
672167
3569751
5935647
215893
3043864
8799938
8614161
3272061
1521134
4872479
123984
1263681
9790447
8262662
3957552
5928491
2540267
1631612
2682314
8144294
1602713
9344353
525835
5926561
2316959
9690438
8022445
2343615
7010119
1256021
8070249
6440687
916542
1951526
1256860
6279100
5202746
8166113
1000556
8477645
1905140
1082758
3218256
5923990
1520140
8854032
1937974
6311396
1986285
5542017
1125846
7184517
3794558
2505914
9620830
7511991
2987181
5350402
9908901
6184660
5556424
2959896
5337808
5035231
789755
5717043
8938003
5833837
7921825
5073100
9284704
2858758
6382689
4055313
4413636
1230382
8486800
8459135
1418616
5091232
9617051
9098226
4208460
2872065
6216080
5112409
6180155
3047201
7310606
298202
1692403
7723826
9064889
9015637
2793983
2855598
584411
2548682
6087541
9248526
6971137
620835
5979161
3632803
4396052
1328115
8027840
5398891
6083368
8515848
9842716
9919342
9466324
9374963
2650792
4246262
1291232
776971
5098975
9584095
6856336
2064142
1363991
6063193
2854690
6668858
4880577
6227070
8262381
7645608
256541
6135887
8303016
2322072
434097
8760621
5387633
2230251
1385241
997741
659517
6976534
9557749
8685046
2298943
2132504
674970
1625436
8882282
7727834
3448767
8484496
4972785
6485080
3946492
1599781
9469162
5346962
1788422
2688557
7924061
2913753
6392340
1982335
1322123
5535852
8763002
9740612
6227194
6972828
5758495
4076788
594918
5629120
4852212
307337
4095148
5997593
8226647
5935070
5067521
4740096
4203260
7596975
9587002
8002904
1278564
3179538
8046031
1044384
2069817
2150251
3054329
2575614
2288574
458235
7561407
1321670
3340547
274469
3973539
9429220
1829814
5722189
1319047
1806854
307425
1206185
6143333
8118068
9965063
2966592
4334302
2354934
2257796
8362921
4349918
4520378
6630329
8362230
9362660
3539206
567633
2623969
3297259
8488185
7371099
7949717
8356765
8290760
9283839
5497703
4005383
4464019
610481
1011571
5651395
7669179
1741960
4320324
8646532
6337100
6161169
9795275
9374391
7282056
7070752
3597829
6453192
5240053
8175171
6365761
4446529
3665742
7788070
6048974
5511580
9357432
4206144
9655739
1846043
5536881
9647029
2113671
2668694
8928555
675123
8181574
5189095
9375021
9564266
4491799
5387631
9815126
7940479
9720078
2975613
2439538
2210756
1960063
3058398
905120
2486594
5857502
3628814
9780886
9264735
4203020
4906250
1133248
6429618
7170726
7720155
3167970
1364255
6943084
3820421
8314555
2884424
560172
6708788
7327042
4934898
8984114
1567302
2985811
9378701
972537
5394556
2479135
4297468
6185561
7811597
5542574
6458480
3720426
4524745
2803052
4804325
7120130
4407072
6755010
2330818
3139053
5096035
5317849
5906298
9024362
1084660
8728348
4274079
4125194
6275870
2519292
2434210
4707705
2054392
9131364
7738759
3080575
9312426
5225255
1802498
697488
3812176
291461
8870372
1055444
2841370
7165349
5578451
1868928
2514120
5891718
9689236
9590896
2334141
2239224
3628051
7217346
1657538
3701772
1313614
1316976
3930335
9270727
4866366
879525
3961031
9850777
2747126
5102265
9460859
6225951
8632795
7094964
450000
2408520
9243876
589052
3528547
8656997
1917956
3412048
8232595
192172
4151262
4049901
340732
7102911
9038452
7465532
5403526
9648301
3459708
8870903
4970717
429447
5675492
6224615
2712130
9612651
8307292
6876962
6738856
5853763
2864553
6541829
1509578
4026656
6060662
8271528
1683636
9779790
8248997
9617519
3160523
2141194
6804465
8881092
3912394
7826984
731816
2837736
6044513
9101954
1142291
1101229
5049754
8894950
4837332
7761001
5726223
7087819
7678075
1640344
6357837
3726037
9913824
5154609
2884487
6077636
3553546
3060058
4346117
1707994
9975518
59199
4239097
3543256
1412537
1241658
9573221
4828927
5764009
4538632
4721816
5154389
3613103
4260043
7750434
677722
4153834
7063750
8861326
9583922
1169923
7635811
9615496
4870896
6847926
2534183
6036670
3650831
9165361
9904693
9489669
4036976
6711612
3370390
1325368
6745144
2437645
8455083
4659607
7779084
8868849
1181048
4794974
3986738
9111036
117176
9053579
4911333
1066050
8422233
3769501
854761
3812014
8361061
6508965
7426332
1487726
5584446
5359249
1072585
5142558
2116043
6947075
1798624
8319526
7912066
1527543
3322699
8913732
9423652
2309770
2498737
7226526
4389088
1765566
9723411
6521189
5728319
1536936
8075182
4495952
2027236
2720472
1463999
4650980
8159163
6526971
2265128
813490
6401653
7850682
1572922
9822662
873565
2278799
1190785
2429400
3684747
9969928
8138735
3544420
9465621
7252995
4107237
961860
4570795
94825
4561989
2870738
5820746
115590
2871633
4238880
7163781
7271074
509810
9937788
4204822
215687
55578
1947351
6368811
9736744
8104298
2933119
2090457
5152708
7209914
6917471
8916574
8973590
141167
9675050
862395
1689142
4136043
5929103
7589173
7297121
1488051
8802300
4204517
7166664
4213143
4478911
5969994
5882766
531729
4422419
233416
9720681
5445299
521247
7947046
3374624
759939
4339330
5134263
6900400
5029301
4012179
1797811
8458814
266189
9068178
4995550
9523945
6161508
9860827
7075742
1753825
7187913
3940352
3609312
3660374
3065273
5505333
2626105
7638053
2547747
6432527
6717533
6258258
6593321
7316686
7721740
4783842
8403726
4053576
9204544
5261041
8143933
9382963
7580748
4431856
6933520
3935541
1057035
3229108
2161131
8860600
6571218
7785566
4054890
9992433
1233936
7317412
2946398
9436565
604851
619050
8573932
3328148
3180985
1022805
7223808
7195150
7312857
3490848
6776171
3130079
5004174
6770111
7906038
382256
3621357
4406889
4185752
5019840
205663
8557186
1755015
1172910
9304386
3686599
4133247
9059842
6221374
4820576
1988685
4886707
3789268
1642883
2371964
5379317
3074285
2511394
5707857
3433680
9894064
6298799
5596128
8629401
1701608
7713437
135433
2739112
6563390
7993083
4476771
9178213
5220546
4689001
77775
339952
8101229
4389191
4230844
3536328
2898777
6247418
9914351
3979431
5907244
1108674
9689934
2925338
7818458
3968821
7845175
1047439
2253535
5282228
4064285
5817086
6647969
8778179
9355739
7645469
6182370
6503794
3326356
8560020
7171851
185187
815699
2840605
6080707
8892309
8296268
4024551
3672236
1832840
5983104
3978115
7941208
2186136
7349170
3633882
8852785
6599935
5578519
156337
1477374
9781471
7189275
5962487
186573
6187313
1274595
5784844
909098
9876973
7279897
1530327
2067388
2792114
7017159
2126121
9027910
502141
7701503
294852
6076664
7781742
8915923
6291987
8894890
3828912
9115237
969605
10455
618979
6251435
9672491
9502884
67971
9976301
1141968
1780793
8666376
3444832
8317838
2350871
2381778
8155459
3632578
921124
5845532
5564692
2438326
8083739
9656406
2275709
37758
7683589
9595318
853117
7921552
8972277
7081466
3758671
4713194
9115235
689769
1650986
6955929
5981870
900964
3429036
3749911
1254786
3498494
4334581
8354575
4508454
5521971
6763792
3473070
8501727
206223
4200442
876114
8326154
8607172
3166226
5823759
267146
7048301
7346626
7333696
19186
4733163
4520463
1049233
7428516
1886213
3283316
5400495
3211353
9507978
2704251
7404053
7225861
9883010
1294824
829337
3429893
9054976
4575602
4473450
3362166
5272356
266891
9783938
3154965
7078286
9364499
9605344
5161677
5707476
2908456
9059461
5847219
5384167
8389366
1192544
5366534
521271
7007459
4200357
7235565
1498093
3684171
7875118
7596396
5961726
6708735
1550138
1181040
1805051
9667538
5646767
6343205
2492370
6445445
9371736
8551693
1848142
1379374
3599185
372684
7370685
8059487
2053042
5370891
8298637
4695354
6027845
2733790
6765691
243229
493548
4150199
5315061
4238914
727776
692588
9945364
5168476
3228779
5379317
555684
6820349
2988013
7944425
5689655
3267798
1352938
2021689
9368932
8873797
4479174
5153257
4450489
144797
7127303
8260639
2566236
7741750
5257867
1729293
3275433
2088361
3038656
3527482
6863519
6606181
9730240
2469590
2759432
3362806
364348
6094135
73884
2957447
1672843
3911485
381665
8620999
7022681
9913400
7768240
9820053
3773592
7611751
7757677
1813756
1513850
5656603
4772525
7329908
2188315
2277823
237886
3335459
3552340
1842904
7115220
3397214
3589935
9547845
458053
5801290
7958285
8251363
6924705
7508103
6986321
8933991
9960863
3064903
8599032
4145292
6047176
4481772
5184021
1501037
2385624
6598560
696181
2714426
7467366
7784274
172490
4043599
698552
7403510
2040129
3307146
6949861
2042993
8724017
9924004
9333070
7381743
7147824
9049308
6074747
7472526
2937705
7350448
9402294
3482954
2375446
7321358
272909
59465
7015959
874967
7659124
1618375
1290809
5788920
3004054
874935
3654787
2157121
3450998
1566488
4892736
1315292
6405702
4559270
8942970
7587939
1443416
4332789
6925943
6451812
2610993
8246382
9528770
4062950
2510742
6689715
8247176
1790774
141509
7500156
396068
6798197
9640793
8694620
1515361
9097979
3828043
9881774
5114837
3535017
7230978
4144183
9713059
6870637
7488470
3912801
9737102
7968781
9927080
7778644
1046259
6912365
7772410
8483375
4069005
1298549
9892234
7923500
7943649
9824423
8867536
6213792
1374569
597129
2652307
5206046
5185923
5895908
2187678
4640986
2478624
2303003
6079858
5403769
2907601
8934344
7587534
4253269
7884483
8537129
8153748
4006802
6967949
1726476
6371603
4189733
3622307
1897782
9631054
8949468
7104224
8341220
1180169
5121509
2160610
5173822
9782045
1643713
6108019
5771316
123935
2224582
2946492
8362980
8794065
9128295
1271943
4983592
7261061
620411
8151303
7156307
8937179
9603358
5539908
2780218
9248843
8618688
2426572
4551395
7626401
2941671
8342522
70326
1510787
2222761
7194611
1931904
3514551
6936936
2003497
625679
4004669
8342064
2282076
3964726
6715664
1244620
4669198
9539621
5994218
8861310
3571609
9986053
157699
3938750
9112455
2667552
4465516
930873
9009264
5910706
6971174
3287339
4845946
8642476
1666888
8068420
1671819
3889848
2623076
579475
9270952
4663274
6034484
3718396
7767071
8218669
3405534
9836799
6566569
5270113
7715124
3070576
3334097
7761541
9520827
3283326
9339477
1916057
7647978
6060266
9190247
1019162
6560507
5904680
397037
3634801
2390863
8328453
2620533
1394183
6615805
137853
3839562
6076873
9140628
3271498
4654059
1938582
2408295
6298833
8244678
2615909
6794283
5765750
4668618
2997873
4135401
6344874
3521831
6164497
4295372
135536
4333143
9546198
7967456
1733116
7879439
6234776
3534503
9277643
4400534
4995756
130720
4519831
1161366
7847177
1367878
2202824
7303984
8697849
7602075
5730212
6939963
236574
3575542
8806361
1070591
667509
5970456
5555155
7614679
1687397
9038717
1050388
6794155
8988522
234292
9587699
5047253
7118596
3311491
7257899
9033387
9087567
8742915
7284737
5290185
8745496
7975446
1518225
2944161
3091617
6893519
1074134
3681223
6069682
1169425
348679
4348408
7966162
1204702
5293863
4286108
4479686
4796997
5254943
1851468
3218124
7506597
299557
4296331
9854804
4334669
4505969
9130644
614496
9699789
9550433
3176214
7583850
8216772
2379923
6797186
4770226
9910459
9818898
7093863
251693
3131308
5964376
5231952
3917488
5902266
3458761
2422541
52888
9863920
2830705
774161
8605462
6717123
5078322
9859879
2532107
1098892
6289949
1312801
1897753
2212873
7449838
2322179
8675289
785199
1525862
2902376
1759034
718442
8885719
2333627
7538647
5725128
2364422
944257
1695752
376647
4146383
749791
3094183
7638770
2079765
2032197
7963356
3251926
9738568
835130
5783600
2719567
2789399
607799
8732487
2922807
1158184
6704616
3179373
846720
4073462
5336101
8346129
5456197
4506486
9987619
1577349
1845740
4824070
407944
9681106
4936454
2923852
7638745
7110323
1444180
4791826
3673568
2098454
5009020
7821790
4247080
5025379
8062658
371262
5852642
6191662
9514572
7590941
1807386
6088883
934521
9010712
2401019
2668146
4053831
5871840
499802
513488
9709289
1384689
3630080
3823371
2260936
3395301
8933522
3818626
9612056
7528772
5590048
9986019
2959882
8794509
4910782
6308214
7728056
5225920
1680396
8136379
9871817
58405
9168072
2276137
9917064
264533
8933188
8281753
5826078
9289025
8934339
2175877
5964713
7859156
6026106
6282971
8705933
6202219
7080913
2998334
631117
7703733
9591373
292903
3624220
8066707
1231826
4540552
2883478
9040460
1994591
7949980
6106429
7828342
7877255
5713178
7872971
5054945
3328818
9128032
9233213
6931367
482426
3756232
6499723
2567746
3166766
5417693
5157804
1436518
3772171
8018070
8385480
1682120
2562380
7255491
5966865
4162662
3879236
9885234
5818125
1073687
16071
3754780
3606223
8063283
9363125
3352660
7977169
3987397
5286737
3527316
4930825
1951071
4083631
49863
7498502
4279359
2301554
564848
7816921
4839506
9671239
6079009
7363714
670156
2015295
7706552
7748661
3825022
1612449
2336040
5440495
1504438
7559763
5384762
9655821
2703815
901002
8602990
2314752
8963567
1166452
4105934
6162674
8419233
5853123
121605
1630673
9098516
3891958
116512
8367687
3413524
4429128
9741069
4472593
3033878
9803569
3962181
1053915
4211335
1055100
9057961
2848673
5541139
8355768
1397091
7137915
6786080
2479663
1275740
2784438
8708317
9169772
6298770
345703
7276887
7600103
1074296
5625602
181561
2392118
2978395
4828633
3982617
1926501
5515351
1744519
5895838
1789543
964604
8691004
176649
6922490
1667751
6785262
9523871
6228278
2596350
9409125
3923592
5130304
7473553
9952272
5729855
7870642
7956087
654333
4825823
9566216
8822159
785999
9246549
9115518
2286284
4519025
6880767
2429737
5805528
6026485
9232757
9267375
787702
7181159
6273898
7421887
5191434
4014216
5088006
8634200
1410489
2271655
2206579
3055981
9989933
1904594
9264424
6901179
7861753
8772419
4896463
8764449
8472518
2496872
1852606
5671665
6576604
812690
3780854
9968584
7381017
5252589
7387678
4743592
1494466
7014248
8361257
6643271
7267825
7293268
1279947
7034665
7478663
1163664
8637419
2092155
1139926
3092920
1952906
9868786
3879410
2168387
9346126
6003113
7276821
1558262
5813553
688905
9511249
9970815
4085100
5868546
7077566
28282
7472545
4263127
9232377
441027
8042152
1482052
9366508
7692140
5830576
779133
7055999
6817556
1250573
6505713
7059034
6009890
536595
3349814
3260115
440313
1109375
5853599
4169537
6174603
2680848
175809
6756810
5348241
4062930
3517557
5764978
7404548
9439349
3060027
2403232
1939149
3801221
7390620
4619544
9890976
3146472
4643082
731120
6681441
6026192
3055995
2653188
4380992
3133295
5895620
8339372
9249586
1073822
3077350
4680093
711864
7200073
5718206
6927834
5073983
6629907
6857499
9930862
2641475
589823
3189788
5812712
4353995
3302718
2145153
6517223
9378404
8102168
475363
9249061
7428948
2599371
6976760
5614531
6629865
8275163
4930858
1039636
6773002
6325518
2799004
8372745
4868421
2732000
2787138
1322394
6547371
6289595
112166
178131
6516821
6513765
876486
5661112
6187309
5068923
5187842
5383718
9727802
2792881
7877462
6810716
9696781
5226313
439324
5188942
9277953
7610257
9397509
4436881
4197716
3076012
6255907
2574995
7900374
7187855
5223946
2962001
8516320
4738865
8964576
1758537
8029851
2313436
2770244
8242204
7434036
6036275
4721199
4998225
907025
6808775
7638994
2989066
9977708
2194151
3140029
8476891
7201996
159377
1836497
7446303
6329501
1941508
1067423
5561824
1854339
9393909
5365280
7063782
9352704
7077713
5705223
4173286
2343912
6200220
156545
5874696
2775681
5253884
9199189
2266999
4991743
653563
7244522
7930614
3523980
6785561
2595163
2665528
8280392
9013530
7077235
9228187
6950475
9890336
956393
2596282
8266249
2959483
4074984
781513
9956324
3618064
448591
8344145
8003331
1615019
1759118
954584
4924775
5686987
2106990
167372
1568551
206842
7243439
4842500
555997
2308674
1009043
1650787
6422605
8861746
276684
3412998
3116491
2736635
9481718
7627965
1258485
3467364
8019251
434770
194843
631936
8218156
4953100
1180662
5575116
6168428
8423667
8728007
7548534
552982
2797236
9468791
2134341
6221807
1702964
3054797
5236779
8769343
6436910
5865814
1114396
9981345
3061009
5794286
806657
5420978
4093265
4317545
8215413
2011365
6418064
8570471
9875697
6612520
2603524
2410500
7071003
6991585
6762526
255386
4556046
6757649
6547401
3815227
6987884
6209421
4446907
2400299
7744106
8398337
4823608
9606355
9848708
8031620
4686731
8933328
4970245
465877
5877390
662984
2955536
593222
6987358
1002761
3076656
1719526
2067575
7719467
4855264
5554501
2333835
469903
4627374
6343452
6079099
4464167
7161497
1783551
224593
9051009
6343275
3973259
3608039
9623351
8188638
6845875
5377116
143410
5679351
6013159
6561432
7940444
721010
3298406
2528836
5955886
1151121
378286
3814366
7066324
1829876
6213602
258351
7153624
6348620
6694608
7356428
5528444
4426303
1910449
2783276
2124694
313766
3320749
2078750
7568358
268437
7110515
6838880
5611928
5522956
5746644
1509431
5110936
9269667
7919945
9965229
8000975
4399238
1013661
9219067
2769169
8311322
2836459
7144773
9757619
9377933
2871981
8361449
83970
3771606
3759093
4154792
8018522
9616066
3198575
3237868
3802628
4841448
6801523
517652
1387437
6439847
9440374
7080890
1696328
9232678
4598468
3545334
1100505
1278330
1505100
3878777
4812533
9835008
5900632
6865122
1988844
8337375
2435497
2567402
6560357
4161985
3537205
9376514
4183161
4769859
6688401
3002912
3252030
661695
6955801
1923019
1270712
5409396
1128391
218533
6408255
9328650
6956359
3850145
3731599
6600670
9488374
5510690
1058048
2803419
1841493
1460521
213368
1598299
3952390
3843135
3305284
8952183
4552140
1583463
5809603
576789
9150573
19822
5071570
4608550
2305797
3907615
2406443
5432470
2736488
5226645
3897938
9323615
3202113
7768455
2090603
2797062
5122505
594182
9320947
6011993
4615426
3365660
5950015
5592892
7694483
783221
2129193
5194302
2997295
696489
9784558
1284438
9963834
7717324
7357818
674618
7572729
741525
2336631
5601166
5717045
6420549
2547820
2468906
3858710
662132
485350
2030901
300993
3805251
5078632
7451560
4040387
2392935
8909937
4082129
2912173
3166703
678584
3067624
787701
8813954
4350630
6259228
7963532
8637915
8565070
3527246
1860759
5250204
8081338
3378110
1686454
7952738
4367690
5505249
8098649
7393309
805677
7209872
286888
25493
2551823
9092083
1606572
7453076
4452378
7388151
6891725
3914933
5906492
6088299
689475
7320774
6765622
1193125
9362290
3075748
4030813
9788917
3630706
4525841
1393081
9774312
9981382
4203270
5246444
3681153
1914614
7807654
2646194
2160456
9592987
1585356
5211276
9238956
112814
1666134
3321078
2143541
2052072
229768
8057900
2343578
5946771
1161628
6404835
4964378
3889874
6433679
4080998
9825897
5381300
6356120
3402352
9639902
7183848
3635677
4302526
2631214
3200617
8336117
7398268
6623745
4026922
2833922
3896616
9609383
9534439
5661565
5877992
4584177
5828652
7968509
7049376
3079086
6317469
1840994
3852183
1223044
8147343
7791566
8226313
9880043
1686408
2339929
2236517
117970
7758426
417532
4811289
8011655
7090331
7943258
578707
3995644
260244
5426097
7228633
533346
2087273
6402242
1170072
9145696
2478239
3494995
4885623
2378147
2840176
4672082
7964563
6530532
4145521
8295071
3723036
4239039
2477806
7332785
5702367
4095382
7121410
7736943
4940574
3862492
8684829
3277756
6853687
5558179
5051447
35111
6322859
7591037
6366969
8810717
4800037
4317557
7682940
597378
1205229
9938751
39118
7913376
1941557
2455566
8354573
9632905
1708827
815883
5491604
5990580
3123979
3520030
2001067
5630445
9424085
9510536
4046955
4033622
3702824
9726487
477921
9248810
445568
9172207
7651325
9504274
5855410
8164171
8314916
5578130
3314015
9023523
7715496
3137890
2436074
2648353
4111257
5489245
936332
3704788
7421792
9440545
9144065
5539978
6338219
6174067
8435318
4286163
9084339
7085185
9605058
7195009
1432359
2909967
3281440
2832007
5740076
1258145
8226940
4188944
8927985
711821
7957417
4994111
4130559
4063914
7764778
7909753
4897373
6914286
2395970
9963380
9092588
6337174
3847730
7554871
5151386
7068172
6555501
1248436
8254089
3642053
8608491
4038150
6689252
2756402
362732
4779799
7079404
8842436
6175003
746603
7255067
9145096
4989305
6395120
6142996
9203599
8936937
1077441
7749460
460127
8581896
8826450
8062901
3416807
2980130
4644022
6543679
2161039
1299023
5918730
4639563
7142643
9669643
4004080
1219295
3244324
6734776
7144113
7886644
7069010
563102
8639208
861121
3178937
1701957
4313237
3382900
9076316
7570246
6809521
8236994
3561565
5848923
1258472
776718
9413205
1276308
4744792
6932311
7937411
9440980
595355
5996555
8536560
8072411
7268511
2884202
6705907
8782964
4598433
1841868
3336990
8537969
59674
3779132
2293220
6252690
6950166
6130572
1964120
8433128
3326857
2261503
9934561
7619589
9704698
5522509
7409114
74134
1740931
9744298
6711730
9596236
7885099
934886
1432532
5571356
5966665
2573975
1918901
5570197
4747106
7821908
3556127
8650879
7275819
7054961
5861179
3441685
9808167
5562300
5702495
2308457
3760569
4886613
9491033
1452814
6697152
6005658
310837
6688312
2636289
540787
5849403
715233
7851721
5448019
6403596
5529906
4799715
8250459
8174020
2380993
3923408
6496439
9892159
3075599
9709659
6046569
8297057
3728117
7772049
1242650
5848474
78307
9202363
1720642
2076498
3229705
4927266
6897980
6524117
3856461
6892054
4681414
1478064
2644591
6561790
6947659
6118981
7660606
6435705
7397823
396941
9821106
9361784
8997562
6154239
5049032
7719939
4177569
7794806
2069947
5982515
2475636
7487974
5655442
7808418
6141986
1677908
9603540
4783672
6143603
6854380
1968452
8892008
6994294
522224
8702997
6596666
5794501
7672920
7381770
1372525
2349598
1978577
5001551
9739239
4800785
6064392
9237619
8847720
8312614
1818747
8908298
6628348
1038698
3254705
4535418
4825875
7233868
121147
39044
7571124
3810488
4700047
353829
3025768
7437020
7714854
2380263
7014387
3936209
6087490
2115835
258886
694636
7909278
2715626
7026968
3170874
7316316
4312171
3345328
9803935
6907231
2751562
1962963
4043119
4187902
2713848
1770054
8176003
8655385
1495649
6852731
8010642
843195
8079297
6128912
2935300
3172680
9059159
1412770
4762646
164355
2678743
508008
813241
7758087
217138
8120555
7001050
2253405
1403518
347036
245218
1359872
2409004
245662
2683736
9188381
2480300
5662067
6910372
2596238
3588520
5979695
8286208
8747262
9306210
9670189
6308101
9553331
2401054
9181080
3101816
8644978
6877868
9754044
9123351
8912292
2840061
1349876
5140389
2285791
3684354
7958242
4278152
4273905
5887133
3544586
132025
9445523
855310
3740747
7021683
9764145
540460
6187559
2553650
3218539
3703147
3689082
4094563
5126942
1565486
2373655
2533664
7404481
785435
8482623
6058321
1307852
583267
5475251
7862732
4006628
4608131
7048108
7920233
7400911
3335513
9910651
1963088
4280637
4956546
6242117
5706577
3737631
5947580
7016891
1179002
5644830
3223446
2373965
4493324
4268816
3990132
5284995
783009
9130709
3874707
3385267
3270662
3031364
1138147
8216490
1806304
6223888
5470218
8905122
4896670
5189609
3692286
9377790
4239492
5509643
865853
4603237
538051
2583828
9867316
1340876
8043344
6234820
5830721
5246814
9244499
4266125
6978051
1543257
631961
5615555
8331323
5956511
9838585
9146670
1703724
5965207
2741747
8986478
2033207
693558
8018619
8560435
3751713
1664111
8235515
8704012
4266817
8517851
3019202
9419571
3506648
1378859
9065337
8970882
7269523
2016444
7875063
3375055
4279290
7463851
4281513
1405745
8159537
8005569
3199773
1723052
6182723
2924600
5582201
7200024
2603796
2432737
2286059
4554808
7674602
551256
5040665
9205349
8088986
8881291
1072097
834765
30109
867092
5901066
8527339
5035086
5743495
2919700
9075925
4114377
2780751
7823662
5981716
3900509
5436325
1375050
5688739
5096032
9419404
9798413
2451623
177017
6234865
9014993
4521343
5658105
1742906
7610501
6184327
1179537
6149087
9497924
4031072
3363575
8037974
6499384
6793508
9671103
9334634
7178602
566043
6161040
4376662
3655941
4191863
7820309
5675645
2474106
2079911
9676551
5875947
4412284
2659294
7873533
2774212
3893824
393372
7027902
4807280
7776925
8214557
4601797
7204970
5257262
2169856
6937522
4096820
1210963
3377957
4779471
6101996
681199
6927285
6288429
2469205
8319403
7524626
6733027
209094
7766982
142913
6287716
7370146
4802092
3618964
3239826
6283224
1387415
4285649
7894473
2942327
5336801
1193783
3121185
9688671
8324476
2268383
4999873
7566405
7186413
9294452
6388995
2342853
1043319
232141
749932
8916504
2896988
7524898
9654929
3513549
2951789
1646258
7538879
2128974
1086059
1249231
9571009
981266
1245591
8621263
3323086
2866973
4926150
9393679
7470805
6394369
7245405
5796219
5325254
4697645
1981614
2714987
8104206
7232651
7162406
8587605
4777613
9040545
8230406
4135806
4754865
8136777
5308692
2829400
7498071
1979852
4827320
9656626
3547540
467614
9529772
2155875
8097299
8247037
5163287
6581856
6534234
7526702
9974757
5238406
3472620
1029221
8263832
7223097
8665440
6765568
9992879
379460
295274
6893684
5359801
3328627
2620939
5622559
8092196
4862427
3989041
1146980
6061675
1495888
5495536
4942902
2301477
1731133
9911247
9505657
8718427
7011430
8053020
5439285
6281835
4940803
2778716
1760308
8742960
4270140
2855000
2046337
9429446
8697418
967056
7961746
9703367
7397260
2400666
1621408
9489886
4600894
7232760
6094704
5529289
4871285
3125648
1096957
3282717
5502659
4003919
7047302
7793858
8992378
6903193
5663251
2962283
3255894
5864144
2268351
2995983
4201061
7906026
5250241
5329576
5948098
1387405
1659403
5948293
4360371
8510149
1236623
9271509
7184639
9174435
7739033
5304182
9625096
8769164
8145033
129063
8273788
9881211
9546519
8125525
1479752
1916273
3613355
7886609
4573210
3843596
3221067
3686621
90824
7103427
7450663
646577
778732
5293169
8728027
786587
1387465
1369066
7069652
4636173
7817869
2849654
7997693
2138329
787699
6229272
8647264
2656958
1941804
8546917
2830221
2548929
9153868
4497421
2913340
536051
482340
923677
3730580
8222026
6789878
6189538
2485280
5513350
9275379
1449374
6973517
3737163
9334215
5814936
1460831
9361759
5066676
447537
401833
1736551
5046884
2215570
4167718
9282938
4813219
2616921
6138032
2107362
1837842
9442920
954266
144749
6762056
278984
5412500
8353009
9789600
3994666
3044643
7784813
788173
1340323
8444674
4996720
7125002
9192689
2930855
1490589
8770308
8898732
4372541
6424960
5294096
2368094
9771627
1662254
4092784
2508912
4466839
524822
7955406
1408989
7918423
2691175
5728166
2722398
8720414
6085406
9564450
9445396
6950356
3782525
3427149
2295303
9047469
7931497
8148558
289183
8032958
9295807
9545792
2305481
3742937
2135213
6112241
4304761
101967
6598030
50473
6925971
1471675
624757
4400837
6454455
9062560
8970668
7734157
2788650
3437622
1948836
1587407
8813434
250901
9559963
1223366
8154910
5962245
5308457
9353711
8797851
7522619
5213332
9335525
2899527
7602605
5416277
4688515
8917016
2157416
239953
3740016
1529454
1242454
5105370
257193
637229
9909963
1865938
6413166
7288341
7939725
2056844
432772
215812
2460852
5379464
5544914
4183704
4583771
8747057
182308
7879079
4259567
4343767
3691589
6397021
5023881
3392195
2778780
4302022
1381684
1261688
2841562
7369517
199376
6267446
3611303
9016687
1356778
6042415
5488222
933750
4112493
4750185
2121729
4723631
7048495
5507296
7142489
5185541
8527722
8844434
7678277
8332314
2228936
1846835
2495826
5218148
8110281
6403044
9198553
9670192
1855701
117287
6934489
7626258
9792382
9394806
4809138
2164197
1949820
9942406
6187527
6214248
9558963
5578033
3591291
6232160
1688701
4252001
7000717
8901095
239905
5437902
4076310
8576505
6663203
5424815
2566391
7356526
8258284
3199506
6808073
8008236
4006908
4123559
4507359
5956639
3683681
7913421
6942740
8849635
893062
7674011
4939852
9469438
1969914
9232953
8272481
2847041
830492
5053932
9205240
806290
5007941
4982192
4465418
5896187
2892164
1073862
5994051
85654
3891505
5311962
3803623
6327435
8821402
1527365
8344585
3581500
9553513
9611904
1386732
9082002
6204070
3655382
6750751
2262317
7767435
5556261
831401
4699474
6524996
7851459
9778295
9869774
4074350
7958119
9127690
9974508
883906
4353719
5762073
2090924
3870576
1787794
8973895
3877901
7371224
7332215
3220464
696533
6722935
7003226
2719460
4104470
9480114
1752291
3494818
1910784
6382955
6585953
5820023
4146771
997621
2139409
6727305
8068305
7966301
2976275
3273104
2043392
7978830
3460534
9716730
8522688
5230106
2034498
6039196
2301934
5608553
616242
1640077
6937789
5515067
9826798
9304563
5318483
6515490
5409938
8420874
5861367
8327668
2282505
8623861
1276738
154891
7601962
9158643
2887489
1081517
6851859
7293159
8532539
2568576
2904175
9308917
7808450
3766166
3627770
4615889
8858682
3069102
3674446
6120843
6541262
5783388
8331682
3560913
432136
2732872
1857267
8772114
5741463
7287831
6693976
4885026
2648767
7572623
1599447
177604
7566640
9837301
1460505
2586168
8098963
5739929
1552339
5654646
3879425
6969759
148947
5059442
7353187
5527311
1977884
8375275
1860485
4857487
4122327
1036312
9700669
7502707
9715816
1771689
464916
504218
4610089
4447304
6995566
4022038
5818203
5725787
4783190
7185361
3658133
7354787
7948157
9010446
2862936
5426689
78042
245687
845511
5570710
7263120
3102466
2562085
8877359
4255064
9258913
6917266
371251
7791323
7989789
457468
9740107
5097947
7239078
1839841
9313399
463245
3764924
6691697
3161806
3274817
5427248
4022422
8761380
5762635
1568925
6232459
3644772
4657569
638484
5382458
4917160
4541816
967660
2220952
8774968
6485195
7923942
8699518
7133003
1328183
4712093
8106106
4112509
7705007
9017023
9645642
2099318
9451355
3943403
3363226
7804352
9012837
5690185
7535597
5321046
5393409
9353929
5147687
9843389
452098
7026093
6097217
316348
6321380
4582862
6966226
7777259
3219297
9558521
3690716
5325865
3928166
785678
3423992
9663114
7094177
3194026
9331645
4177656
4020037
4601374
4507786
3788472
5806335
5695711
6609948
4645365
1099700
2985673
2691356
8737766
6073116
7541708
1615999
2214645
8574797
902958
3905439
3394723
764055
2815252
8550968
6380090
9075163
3124354
9608900
5173591
8755095
3855106
744948
3728548
2557690
9346106
3894260
4224492
2626288
5128159
5562783
8706409
3851506
8285747
8280858
9914814
4388805
9864652
5607385
5216555
6222863
2364800
4014326
4462373
9054384
9511991
318051
3263880
3672222
1720653
1743221
3378662
48473
8548949
9667955
6379752
1545019
3589297
3023401
8005696
1758617
2457612
5079008
780683
7045070
9760232
1659001
2488835
3872834
6013534
819412
7275662
2643549
5889030
9748998
5827741
3818999
2979154
317502
5853748
702645
8668964
6634701
5399591
8626623
4932849
3645105
2682257
8406139
1065689
8326041
3548115
4985305
3930142
1050199
6382455
7357652
8098411
9668777
9065906
183667
4964660
5943538
7816707
5060166
209166
5998508
6077207
4145368
744575
1139805
2007185
4166605
7630636
7571850
1068060
510503
4180305
5381914
9010683
3744506
4657819
5560412
1633566
2577081
9098220
733997
6424581
8924243
8431073
3200649
170450
8505008
3579525
9733309
5822986
4419868
7528316
2124478
5905099
3454503
1896891
6166281
9269816
4408855
6371046
1498811
8223752
5552538
6272472
1989039
836385
8296005
1634976
76082
3014901
4140107
9039971
8843389
4743142
4955893
7818214
3715490
5947351
6451065
7551542
3659506
5574884
6344515
6326451
8953891
8281719
7636151
3559411
6867843
9110092
4769522
9985886
3243152
9983083
1019264
793422
6783712
7183508
1645763
4105547
8268964
4254976
2419808
441337
8793699
1206468
9205914
2561718
3975480
7516319
8550877
6971963
1998795
8360386
187463
7342164
4678175
8248304
7970268
6308490
9587986
649217
2858345
5015242
2699343
7387452
4534834
2231785
2111489
9123219
3928945
4229176
3854898
8241202
9004245
4139908
6201801
6895721
9212348
9187692
8381676
5536338
9786671
5759073
4829790
7412983
5541906
5231404
1331383
3517716
7919137
4217417
8602896
7484384
9944244
6253992
8145169
9863747
9449138
3689727
6796187
1276989
2907382
353499
8348457
5024382
2818591
8777319
1144786
4898051
7575275
3453234
7941075
424761
6353290
3243276
9244151
1272756
1840016
4682581
4298145
1290614
7825198
1583513
5839131
4653662
6609158
2497035
9218079
6805118
3197217
3190516
7146742
7704268
7284361
5687776
6055424
4176931
1223916
5321648
8763981
86440
2780274
6465569
223537
5668548
2372274
6637287
1367115
1637483
7585299
4036181
1214758
6245077
7090920
3170203
5655507
1375276
4250143
9497777
521887
6809950
637729
2558331
5479482
360302
611614
2207679
8474459
7287015
644399
9117396
7314095
6556314
4347927
5990220
888569
1686204
5491234
5968611
2515574
3839807
5601123
6337299
1016026
7975512
8733464
2075602
5607834
8394919
8202083
3380590
419455
8824950
3709669
3901403
5652315
7376487
3359499
8982021
3962294
7502373
2817500
6028705
4332343
7826865
7769892
6806862
9211669
8340339
5106912
67610
2656663
3563672
6835116
442825
3070606
9639885
6470619
9829442
977448
6467667
2415401
2906375
3215095
2750617
8675614
2262807
6918310
6393516
9793366
449694
3675954
8045732
4079069
8750397
3292664
8146600
4771832
6200811
7447770
3885035
9393672
4465222
2004948
5881635
1353455
236952
9194431
6634805
5330608
4161921
691092
5489803
5811817
1725708
7097649
3285928
1131269
540832
9981587
4486591
4190486
8231979
6679194
4840796
2955425
5702621
2746318
5980832
983143
7985110
8093049
5869375
4216881
1320611
8824911
7907862
7190647
9814025
644085
4223310
5004835
3162962
7759399
6510542
2678660
5128360
421035
4982719
680995
2843413
9120539
916851
7755935
4949940
6941342
1719627
3246928
837070
9595045
5305163
6066317
9818381
1824711
2811535
1135039
2592734
1230279
4996945
8999022
4110278
9736882
1629529
1260709
2663043
4867643
311398
4650973
3369136
7563480
7842402
1418852
3867152
5583581
7491771
126865
6264581
1305024
1754314
1863358
4045464
4378672
6964055
2769307
3102843
1110278
4099542
9113394
5289459
7503257
7414687
3402679
6996900
8001534
8329639
295235
6542610
7491312
8381339
7581512
6798448
8668818
6822591
7339884
6785725
8985333
5688857
7169902
2144920
7577969
5006826
2427277
9650840
331103
9603820
9457165
7256561
6759376
2673425
1692982
9883036
8783447
7174837
6690621
2300920
9941677
4713579
2426064
8745795
5642451
3409150
8396709
407923
3786782
6180413
7520497
6161278
3964551
6811194
5486106
3111738
3891520
4267558
4131704
4513794
826707
2050483
5431000
8989841
6478036
9937694
4702076
4592322
1852668
1262966
1330599
2494805
1568912
7449815
8638662
6266233
6735123
199588
9907195
2488695
6970587
3026587
3966776
5809925
8978952
5374168
1037863
745103
318300
3815001
8809792
2413428
966008
5980031
513293
7774879
9415258
9382434
5023556
2095875
3188010
525579
7471993
1779351
6689082
1593012
3367514
4117636
2013387
2432484
8340535
2216194
8165997
6455678
4245701
1848526
6718041
3880769
5696811
2974090
748231
7044820
140216
6026658
9071146
5013568
8946383
4813140
4630322
9447645
7514122
4558030
4775115
813592
6863656
2326559
4334594
3979601
4473120
5571435
3906818
4968420
3336280
3445133
7879566
2400378
2231725
2355380
3705918
2993635
5516580
706522
6469167
1961413
4312001
8197271
5542061
9439645
4094430
2036591
3674423
7156150
5032190
8199623
1133904
5807656
2479492
478855
1403370
501312
7235013
1702475
4057819
1555201
6748837
872074
8258118
9754300
6281410
7616540
4080445
531626
2874834
9030197
405816
7593830
5871719
9978667
6618264
4807420
9793039
3733961
7899712
9177289
9813989
8526521
9177381
6915589
7422890
3696209
3708495
4307075
6872055
3444354
3399760
2779202
5332797
9823244
5938663
8907606
6982124
349013
4113922
6736722
6860226
7917328
6929222
6629386
4253475
6627901
5479970
2669896
4809036
9931729
7166698
1715359
871139
1551463
5299693
1536761
1590779
2113017
2455271
5947576
2049551
4576344
6347177
7646618
5414700
3692786
8729202
9923766
1652736
4246869
577636
7642701
9323728
2752260
9268093
76326
5129341
1762368
7700892
8025328
6295375
9988982
3583824
8352780
6935155
7948473
1433524
3665768
4026630
2340703
5154491
2244216
2382261
6793642
2994264
3739139
546648
753875
1596881
3156819
1184575
4851618
4015978
7083451
2311098
3566122
1490510
6283136
1037599
4049655
5732254
4161770
5374433
5582362
5142929
4457417
4199934
3864649
7409683
8429204
4260521
6302334
1972118
3452581
6524615
1752391
2138763
6862093
5752819
5903702
8722813
7736623
5440577
4148902
8156293
7603170
7781678
649296
2933787
5011333
9214982
2676727
3432763
8083400
1194010
830397
1426601
8393661
8966432
1823129
816326
1652327
2700428
3197338
2919317
9569622
9928357
630584
5111780
2416219
1463969
1019371
8165615
3669226
7122013
4544389
9007560
8647000
4158578
1986690
362384
106609
2018610
5115557
9485882
6741066
6326656
8414659
6382639
4130408
9955368
2480903
606156
2078229
8080002
9093068
8038356
4736569
5275816
5349889
8738090
2724449
6658084
7391583
7856326
5056208
8587172
4644715
1824752
735799
8618350
3202628
5859460
4064765
1626046
249773
7485999
2078305
4334111
227551
62624
8824494
8699120
1403460
852275
7359682
8615266
9629594
7099406
5534204
6225379
3826411
635839
7373034
7311396
6384753
6544738
50296
5261620
4027609
3725087
6588886
2777641
2958626
9411184
5018494
4806887
8834461
2185624
5277473
39222
8058148
5824003
994433
2452716
5647403
3431102
8947129
557474
2797101
2313713
5213829
8239225
1318183
8063961
7066272
5965156
2800035
2052961
8117302
5352903
5012430
5010549
6726005
2234538
2579582
17306
663848
8118049
3630397
5654458
3043043
1885723
24663
6817569
8295219
1233695
534569
1849900
7292258
4641743
8668036
5373317
1667685
1723800
1305427
1766314
2845668
1783346
6948715
5942037
5368202
2324011
2548914
8948209
6631922
3625517
8171586
252911
3251389
406562
6026322
9471794
7889186
8145050
8247026
5238611
6964501
692739
2223020
6615045
6813912
6358064
7892071
2829866
1573200
9258030
9086376
9322845
3148657
2221397
7248441
195892
3285702
4159042
5677360
7146135
4509862
6818695
8179544
6307863
3248419
7940952
8097299
8992925
2339689
8600128
5374785
8979825
9008123
6429520
4011128
6561611
2505607
6143150
2570232
2690568
8686183
2186857
3665439
2955750
8037497
9734756
797959
1004157
8493229
1976050
1705461
2821653
6088377
613268
3335880
1575999
6818977
5437719
3124187
6755685
2151300
8472918
5100163
9062876
2295212
6221523
654242
1602586
4965443
2093728
6111271
3452704
5859520
2431473
9134456
621448
7624807
914335
3866367
8054574
2426362
1293857
3552391
4640083
3533239
4478686
3089885
3662038
8267298
6300960
9353256
7990800
9570655
5259322
4320121
6487022
9148485
4499296
8060287
7406197
7291182
5474657
7008127
9119432
1702704
288133
2372076
9889434
2467056
937
877687
3938764
6524753
5414712
5146781
6693359
5676774
1923165
2562867
1762480
2132096
8060334
59483
141485
7401187
2172667
9281887
6370707
1635283
5326475
6471303
105586
2352894
1833072
3776351
608643
8809817
8635181
4782488
456516
8456419
9325713
6341889
6986758
2858583
1701218
2074152
3372973
3745739
5287958
9116084
3095555
3553441
3065788
2039628
2640170
1265933
8769011
5146052
4394610
7870776
2849937
8769407
8472201
2452477
8819261
443690
3410239
9464355
4892579
9241193
8839273
6388083
3810805
2316485
3113321
6649424
5918274
3725061
3814591
8466388
3240874
9315226
9001878
9822451
2778021
901996
299904
9440649
2664706
4193106
6406564
7748147
9431092
8132205
1582756
5790411
7970399
8600851
9524445
8043252
4779220
812416
6410913
2061634
4325902
274668
1911597
7191579
8728659
720900
5264746
30556
7555020
6784382
7893577
6844699
5702728
2116710
3271211
6761228
8089055
5842552
6381298
7470464
5821247
3603318
9803548
8892658
6315688
7068040
3435511
1536680
7543502
4195714
1977218
4068393
2952687
6297455
1313720
7343386
1445417
9215907
7444847
5278576
731120
6558330
8063530
8874543
3720240
2878688
307643
8764134
3087669
6722125
9588425
2744066
650069
7572952
9907752
1071839
7139824
901309
4801295
7751630
4854205
9786554
6738765
9865703
9163764
1247003
963346
8507441
6638712
7394202
9187949
3616520
6666339
5887146
7870855
55933
7530524
2745045
9790032
5193511
8755046
9093342
8872562
4623995
8256090
3118636
3857319
4946282
7032025
8087208
6874887
7194201
9318369
7750968
1132705
2891240
7972151
7175468
6608127
3702952
3436741
255289
7948990
6093878
8609952
3263307
9597167
3137373
754298
5151333
6221599
6357730
8080111
7247011
2741815
7229689
4907917
4127294
1603037
117443
4105648
7766248
1758775
89895
6863792
6124823
9618012
8318975
331230
6410687
3195831
8676170
7792389
9326118
4737901
2367585
4409197
8959174
8021012
5222429
9101405
4127202
9764125
4493386
7648163
7475761
863259
9112303
3395865
6595759
8949644
94723
6922986
5333893
4642361
4505495
7744059
5440652
3241671
8816382
9110226
1085240
1071674
519092
7055583
7964735
9939490
7359603
7910290
8135133
9631985
1787764
851196
8049283
937726
9073768
977346
3668351
8050157
9655909
7693542
5195568
8473379
206478
9996491
5284766
4292494
5670744
7293978
2648317
7107560
2975773
6776012
8471298
1734379
2480301
1784851
2503451
9556413
8261560
7954839
9023953
6241263
5935133
1746652
1912478
2642059
2052465
9871674
6967293
8059372
2548194
5762167
6221850
7493086
5341490
5498985
2775403
353804
2909992
6738370
7548471
4166519
3329767
7536051
4949623
8026147
1435730
7658809
7102525
8138773
7208110
7849954
7903827
9757714
6606619
2860817
9385146
6268628
498599
7348556
2015627
217254
9902858
5307670
8979821
5385986
1647209
4821093
8159303
2527752
7567541
8400475
4481440
5923829
2980168
8047511
2284922
1888092
5291179
4626853
1481028
9728183
539303
2894283
3618673
2761166
6841656
8985183
6587874
1447424
9755223
1276117
9671298
2351798
2634245
6310390
4987799
382088
1608603
505339
63136
791568
2675175
6005344
7031638
4178165
7460933
566309
5745569
3397708
8291238
6706539
9009945
3664274
7009417
3609483
258837
8832537
6642644
8716304
3316637
7898697
1553584
8870228
3839747
4028103
6316811
1439480
8698591
2986513
6291082
5150621
5858171
6215652
774480
5342317
3199505
2379089
1572035
8990164
1081896
1112133
6405727
9956222
6225283
6320717
5528664
259132
4524759
8612194
1295446
4457136
9342325
3708883
217145
9932004
6001024
7845465
5189560
7754876
7943661
7351928
4887700
3210975
3245576
4143318
7115026
3998212
9786798
8153763
2091151
6465921
993267
5114154
7553015
5818703
4740333
4157654
6366378
3336403
3909238
3824449
9035927
2906547
1603078
6991420
648217
2461721
4489816
5953373
1510396
6522471
9352005
7316088
863487
4103718
7879806
6127411
9875749
2249506
5919471
2758038
5094161
6203042
6761098
576523
7886223
8559664
3570070
1738569
1435565
8013053
8997340
1812039
4382498
1176993
8413054
5943139
8424804
4326855
566826
4648543
5076946
5053626
1206831
725121
5642493
741423
5859295
908298
9760796
3338372
9948332
1710498
7127667
6715700
4231183
4854191
6344944
2024142
5879927
5716321
6680238
4204215
8975282
3906233
9822682
7394595
1808433
7456724
8696446
8097165
7598055
4441606
664680
8897409
7982656
6816204
3764487
2553350
557950
1484944
8399862
1537037
3634245
9029037
6067761
2440335
9330401
1057794
3376376
6434891
817260
5688732
7483005
6033234
3792400
4510141
9170535
9473356
6139919
3257571
2797172
3630121
1566347
3942569
4290498
9438062
5153884
3601325
6249020
8597899
9559336
9219311
5740877
7529573
2823367
5797041
9570366
6020141
8761572
2546736
297918
1161835
5866750
2953973
7651056
7104501
7792248
4495907
2581409
7303628
3492912
383065
3005819
1285178
3439570
885493
3577496
8136528
649793
2462512
8334774
233002
9723580
3831926
1205134
6876020
602263
893446
3472655
6977555
3420740
7692660
327596
4801916
6494977
9167902
1191660
9763258
3327805
1400851
6043169
802412
44150
973688
7348658
51921
5077617
1263702
2785106
1445657
4255676
9331042
4730746
1990389
8151767
101089
1060881
9471986
4015795
6907435
7037458
3934927
3502360
8701645
5994912
7198193
3082490
7039208
8674799
7345258
2173964
8271545
9360110
8299845
7210164
4980777
72467
9706528
94429
1080262
1788386
7624882
7976438
9059768
656123
2912154
3716369
1238858
1170666
1984521
8536181
2130068
2542139
1874472
7204640
8965064
7441752
1306910
3879826
3449165
3447415
6753542
1110676
2254794
6688463
1526345
1157247
3031321
8431226
5511919
6567517
2422993
6961941
7803909
2255047
2543790
9576383
8109751
3984623
7411808
8005635
8047480
1594348
5347710
2938190
7806689
5772195
9692777
1915752
690953
6617895
8438328
9073655
1673421
3061331
8427338
5189526
6574640
1223809
6548323
426502
2194210
5521043
2556297
7355823
8350518
9099009
2347366
3719465
5777952
7670520
7486459
1535792
664885
9961333
2339615
6654720
8471324
7880047
2696499
108746
9096836
2145487
9307761
2408423
5764219
8112300
1070534
9709510
7266792
6297815
7884642
1987797
6799977
4931321
1156342
509144
4318170
1054853
2097611
717608
6425391
5653581
4760126
373514
3918009
1847444
3295889
7844106
4347046
3869163
8039503
3405400
1859748
1385726
6600316
7140051
181210
249794
8099147
4250683
3687424
8349867
966673
4775175
6982325
2337819
9155258
8807063
5982525
8749683
391000
6597098
7039792
7679265
9349807
8861790
7168615
4835844
7728962
7202552
68669
5659787
2575079
1389274
2551284
5925332
6073333
3921183
5757462
2946493
8210230
1527063
9453761
7877777
3538520
1600830
9910974
2535835
3892478
1711619
8610026
5027427
698950
7038807
2941281
1223192
2498136
3354607
9053044
2622632
2733855
3706170
9947376
7123051
4538875
8118206
5309453
1588414
1235262
639802
2162264
3139909
6460051
2426821
3162494
198122
3328111
5551683
3538110
5137470
8386471
1497723
5908871
6771594
9805795
122252
2504802
4474624
8985806
6020079
4987182
4912281
4740686
3938102
8467741
5708813
51793
7949544
3801800
7335628
9895044
6710128
4611444
4151567
8520792
1670234
717266
3623508
8267879
2464472
2054849
3178341
5669652
55955
5869612
9282894
9447779
6299747
1347876
3907900
8481216
2273782
5910423
7788637
3975387
8931846
5603648
3201130
9644018
8055260
4780765
9804255
3233383
2498544
8868908
8708396
8985013
1135418
5937563
907841
9561396
5477354
519695
1051760
1152116
5498095
7556972
325803
7399321
8552405
912813
6513400
8940353
7024087
1466930
3731009
1140915
7898132
9980517
4381791
2500756
9419613
7813897
7098339
75538
9931424
7765476
6829770
729693
6073721
5542187
7786415
7317944
3490878
8669782
7878205
2946118
6366228
8264285
4058313
6179839
240811
5902022
6593030
8838473
1859729
5908328
884172
4658426
9182328
8793528
8162914
836318
9948738
1480251
7830811
930448
9394134
1619010
880500
2943122
4669501
4845897
4995933
8342537
1010142
5525967
6138766
2612810
6403190
7453953
3253449
8495495
4642446
6712445
8058332
9344001
6043370
5400463
1161017
4363045
2764356
6471319
2114744
442404
7033415
1525603
9113963
6488265
5964275
3748200
9551898
9782689
650510
6938840
9241003
5599497
8886006
9798948
4693878
4213270
7775067
3432242
6717708
1885393
9896619
5562664
2507954
3421423
6869243
8257934
6020547
2885325
4404522
8829739
6714745
3171254
3533419
982190
241772
417926
1049935
6020718
5987056
613134
6975964
1885314
6570667
4449598
8847780
7594767
3729457
3622852
3945531
4365500
208183
2774183
3710820
9793726
6195815
1786198
2623879
5936605
6837401
6679064
6289708
117781
6840303
2734601
3388725
1084869
6135034
6424821
1264123
1340898
2734631
1815823
8161474
3948328
7740857
5258460
9832487
8474495
6639756
9106665
1156600
9699016
894134
5951316
5855643
2033756
8758934
5263759
5031224
6896640
2230024
5630030
8543426
5973895
3568183
5734694
8070515
820705
4504292
4058725
2460810
5193972
4288871
9237606
7423364
2169150
9042468
582734
5738765
172080
2343261
8678930
8255020
4616992
3456334
9478175
6477608
58388
2121132
2738099
4424032
3358440
8497498
641932
3151706
6198296
9894741
929896
4619491
8449584
9686846
6308746
7401289
6145381
34182
9717046
504277
104523
7479610
5035248
2541540
6920946
787412
8108707
7216470
8233363
1011105
5988443
4351953
7333222
235757
8331711
1406604
8626062
559812
6030088
7453313
3626169
8228284
2837083
2395363
158822
2631723
5435648
2852178
7990604
9789442
6652803
3273727
8743241
7480395
5633477
5438599
5700145
2428695
8766590
3066904
1191283
6554418
2528301
642161
1075820
8688402
4978769
4156255
2425875
759804
3627095
157744
7673643
3043942
6307505
2865782
1351856
8248692
7788340
2968375
2911782
9157965
6301811
2708101
4278759
356245
899124
1284312
2167685
9150768
3129878
6602744
9155560
9942308
2983731
6450807
956936
8957660
1887503
7603810
1698024
9431150
5440722
5977119
4898484
3386640
4576208
4184536
3681062
7485512
1758007
2755963
8525836
3940120
7758335
5286740
2706490
4042816
8530781
684557
7733170
5758652
7312554
8488971
9022443
5028648
623230
5497769
872025
6258929
3807238
3023408
3697189
5890289
6145989
375949
1422987
936140
6844022
5026079
989225
7394015
2243909
9545846
9409680
1039523
1318902
3995771
8410066
2777712
1068722
735271
1516967
8641089
781288
4020972
283452
3315197
5086018
9513198
5536679
236682
3954851
9157362
2396278
2421559
7319326
963020
7349892
5080825
5698712
4879999
6679933
376837
8378269
6320888
7487216
1967824
7953900
5591224
5903474
1301193
4771431
4101115
5564784
6458973
3089031
9355306
4352705
750441
463824
8075663
1632207
9171768
916565
170331
5589530
1844593
1043620
4466247
9919834
2056901
4336882
3821170
7482931
72940
251505
3742504
6628247
3720901
1957449
9903255
9733380
2999149
481245
1695211
4443926
7108100
6417284
4252898
5373552
4058372
1246763
6578821
896809
3121995
1654987
5148648
5035273
703315
3303275
5570232
5549106
5384536
4514484
4194002
1784014
466658
6440858
8720870
6651311
5555971
1329191
3256705
4088086
6191338
1778237
1813661
6847963
9963709
4408336
550126
9513020
1734211
4466193
1867723
2779839
5228034
630461
6250831
2727375
689032
1171782
6115201
8509856
8266173
202106
9982800
4264684
6788029
4990284
6313438
6001780
5651445
1411442
4382972
7754110
9786075
2368480
1709862
4284638
170687
7848356
6678262
8003274
2641240
4226200
9943243
1123985
7419202
6721237
7472830
8014566
5418441
8203396
515602
3986976
378746
3195188
7214025
8041714
8962521
8121618
9662380
299216
6534478
7092322
2535195
3349753
4525755
7429078
3531970
8308668
5421660
1921817
4670053
9237228
75960
6947313
9569602
4355239
3081426
6254647
8939999
9211052
8061064
6954525
951243
3612275
1856359
9833338
8441740
2097606
3489040
3533648
9503371
9168425
5904162
4604655
7667333
8457838
488936
9535980
2646154
7717264
9081754
6067047
8316579
3923214
2366882
1645964
2857822
8911091
4258010
9764445
3414804
6752910
8107141
545863
597135
2111884
5016096
5326254
8862933
5735503
765912
2346030
6639381
1142707
3025520
2399885
8190742
8404424
6349462
9807546
5949954
8766087
4703627
446224
5952731
7911281
8334048
1067875
6409098
2765042
4964166
3837501
7499425
233709
7363509
1118744
1013536
96770
548560
9345681
4539331
2575886
9975746
8958616
4839327
6358387
3885332
1913196
6356839
3195718
287690
6620375
6562531
9966246
772161
5342307
7445860
4762243
4994290
559079
901536
3820995
557039
1761590
7524711
3702999
28248
6076306
3505082
7961010
753482
7419687
2323812
3953364
1219242
6110486
7617497
2467342
5541896
8053643
2536425
3106918
9812558
367926
8792380
3496658
7280308
8821316
5883541
9663131
2526230
416598
4090328
6986052
2563530
3865164
7668444
550482
1253692
6972745
7265427
4731682
9933695
5764616
8251192
4782617
6823041
6155345
2341065
8383158
7068443
1507489
9953141
4975049
7268484
1821615
9829151
1627988
2291900
7136672
2124067
6660109
354735
9642311
7367512
2946432
6711047
9415812
8342667
4461342
32567
8665739
3394017
7002489
7307677
4016610
5277518
2735559
7108320
939625
5799729
4364270
9672663
5249155
5687773
80314
6918679
1129233
2369580
3787186
5047553
650432
3843450
8950334
7370020
256453
6169383
8672774
5265084
9728456
9753546
4050421
8088262
4759022
5621965
353259
2102823
1689313
2720974
8558158
7175974
2289469
7835565
4037238
4476936
5494546
7818285
145765
4832326
6083335
1030439
5925737
6987946
4993055
7511567
5693704
877852
6407520
9052617
3324733
6519237
1838301
2178308
4531663
2312657
8548391
8089426
3771749
7156852
9686171
9329752
2317807
3196886
1688731
8053167
9252869
4083447
6237197
7261005
7341906
9517168
60246
5302539
57194
6602841
3381105
9595462
9976369
4238845
4544870
5105259
910217
3830340
4581699
2791505
6061518
6475678
5543766
8490623
9689520
3969041
6777445
3380530
8374727
988916
3148564
8718324
4288199
7288058
8341409
9593670
6347514
8456911
7887425
5432255
3412049
1104869
2151923
3966902
5669207
8074019
9057189
3539958
7281808
3297659
845254
8656045
8726713
135788
94998
1454267
6231590
8214688
267779
6221066
1460931
3561060
995210
6901156
6009126
2717022
4564851
9278572
6975234
3036271
3960941
2854947
5874390
1526762
1539387
2689206
7488849
9627410
9398560
8604306
5898830
3295931
6519334
5422581
6790018
3182429
5856713
965158
4061613
6496605
3065433
7416098
9271133
8527894
2773794
3662186
9795091
4924969
8596700
2186545
2146121
2131155
720704
9407775
5160632
5060960
1950768
6790887
4186357
7051432
7938677
8609063
9667087
3991499
1373584
3828479
9059004
9936885
6037792
4629595
4666157
4658622
5817654
3385324
5741173
122934
5140574
2936910
9836907
6044412
7936580
7258807
1438676
6575164
4061790
8769754
489120
9591713
5714615
739852
9288189
7355842
7463986
2228925
7282248
1336252
9152130
1179077
1972776
2267166
347332
4441735
9933118
2893132
8823083
2421644
6489521
8507466
4372977
7082235
925874
6550029
6548176
7879208
4338827
3123185
7714848
4584267
6990437
5393226
4628646
8716314
1103196
4156923
7240327
5608338
6224382
6765433
1922356
9056648
5453460
9330528
5878193
253251
6888657
5464477
4188848
643936
3366421
3242963
7754472
2268854
16305
8816818
6087233
698349
2344335
6762115
6540042
7139957
9119506
6975287
4491642
4138333
8782864
2996646
962144
3328650
5953611
2487686
102968
3726236
1181305
5908061
8136949
9147408
8428823
361676
3871741
2710904
3770291
8024066
9634208
9667879
216287
795022
2680554
9739620
3448673
8765747
5311227
5298055
5519407
9472222
3309869
2469100
9591423
7680719
4047386
1140349
9286836
463995
6707040
6040851
1934430
5313789
569543
3870319
9238860
102498
102033
1080913
7660074
8974426
5230375
663359
5182850
4461752
7488037
775615
4813305
9176190
9221786
7505511
8153132
9455268
259815
9591316
5622169
1323711
2834166
5355812
2956081
7292613
6807097
7359736
3644601
2854595
9437924
9200696
4999882
6588468
6714206
1119724
4031862
2012925
7186251
6969009
9878762
6218420
3311589
5517385
6006622
8601628
3194530
3650397
6464588
9460783
3559218
7441450
9177307
8085849
2647021
685777
3214487
8547294
5149326
9206973
5520644
1865637
1614460
6743715
2495753
8417393
5448645
1992199
2129594
9766153
8791737
7666534
2173578
6547065
5084874
5002566
1607812
5654292
8480368
7119980
7383201
8278809
9506136
1576200
9295718
703412
9008865
8549469
1704551
2550506
3797398
5642081
4990337
4044343
4071959
8214071
6600904
7238570
5941349
8737565
9611708
5009359
1442251
6829746
8021479
4291142
9223214
8222930
7187917
8693937
9348469
2693756
6388656
2096013
56643
8562028
6508130
841419
9619466
1685330
23561
982165
7958240
9572160
203012
2263831
3900944
3174880
751135
1911879
848399
6367726
5044327
6475248
361401
5402239
8842493
6568402
8075543
1692479
1642870
6001050
754602
1006549
6527817
2759384
9565761
5464040
2081167
6023121
482055
9033347
3268953
7040557
8796374
3614125
8016730
3786988
2207702
5350309
5490383
6305765
5789358
837228
6281664
800516
9172436
5089752
7461068
2361298
4208300
4121166
303541
2767931
5687345
1193118
4923108
9656186
1647391
2856744
6899122
4251645
6468158
8286127
805962
7023090
985885
1641947
839034
4648638
614080
9060276
490588
767657
7993977
8691407
1680425
2257604
3442177
4520054
6375393
4377552
1683393
9408424
9837039
1132382
8682423
946538
5450785
5105960
2464190
2903098
8092110
2515559
3236857
412106
6867017
6784220
407821
3506067
4989861
4473522
6128980
613911
2156313
189320
2797631
7631799
122679
5009013
5717673
58546
2927260
7005844
3390763
6940691
3847492
8317827
7540062
7813233
3726537
8835478
8453542
3262841
1978860
4520954
2844648
5160608
289613
7123325
5984127
3676298
3769163
961594
9094044
6303097
8397214
2880125
9649834
3194
1452798
9069952
2506322
2098376
1881163
2469298
2951676
8267022
9280717
7101560
2224417
263981
7487968
8103420
5502394
725710
2595705
2553277
764638
4658378
7564770
7583410
7187870
5599162
569751
128750
5441154
4748007
5302328
3090850
491839
2130080
3522178
6332038
9253245
7840080
5936176
7673197
9565154
6210103
2793613
2347942
2926341
9257613
2505367
7955246
978269
2083125
3480494
7396404
1187719
8426983
9085951
4912226
6806610
1175174
3247656
2294211
907980
3468258
8541888
3375239
9448890
3064769
1233027
4635115
340462
5511132
5034208
4374549
8584239
373007
2755148
7163196
1560736
677048
964807
1582423
5307547
5525407
8450865
8790904
2750858
6573678
9390987
8592539
512372
2737121
1160631
7921989
3280181
9427573
7873151
78404
7154622
4204760
121565
8439792
1815746
9678604
1586583
4446312
9284466
4051472
1156706
565113
9064464
1308062
6006313
4005332
4125016
6353446
1880501
959752
7324728
8120612
3532893
7761998
3216959
8186643
4275553
3494425
5902700
1712642
5636278
347250
4743382
1721929
6439463
8177018
6966801
1776796
8024532
4292425
6664838
4767617
9513530
7222580
8373065
7177439
2666856
9821733
4267752
5192039
2411986
1098293
3919958
8193911
7376741
1218101
6369099
2014361
4817835
4059589
8617681
1991212
3540638
3473590
9927277
8189958
6006091
8808112
69890
1204357
9618559
2535627
7617820
584161
8683798
545452
8101635
2862435
5616981
5990104
8297692
9254228
818183
4893592
8694641
6248018
7526396
6525615
6314970
3216170
7611830
9345631
5165047
2774576
8452614
2001457
8246954
134484
9217226
5798170
453024
500532
1867153
1292294
5589250
8300300
7712816
4201107
6130328
9147990
9723009
587328
8154634
9292847
6084337
5626632
4469995
5554182
989536
7507125
2684364
1132578
3702862
5739221
4811048
294879
3247476
3467373
584492
1300804
8187062
8599309
4219097
6060301
9778492
234642
4738240
9194358
2020294
1160145
3387609
3501655
240310
5237294
6600147
8284335
3771019
7099696
9936526
4369810
7411623
3065450
3380284
5322959
5040578
2169296
8257511
9689541
7177455
5791235
3942925
4030723
8580686
1910047
6287063
6350977
3453240
2103249
8725984
130154
3573470
4930169
9887123
9032614
4966556
3441631
2104653
3621769
8429460
6090958
4126977
6502952
7357951
481992
6768641
5748568
8655567
5411791
9336511
8906629
1432932
8251312
4327302
2719466
1091892
7895061
9832286
7861111
273192
6378
9332017
6796038
6391235
5273957
199922
2834823
199142
3891318
872544
8706228
4197039
8186962
2796852
9518171
6262423
5860319
2056887
7094141
816261
9126273
2648278
6621644
3601548
2773535
8712106
6713051
9981372
8414910
6876730
3833990
9865470
8270509
2559104
9904892
4393220
9687847
6933684
3058067
8118557
7619086
518868
6450681
1267211
7088491
529089
923186
715321
2323294
147450
2113565
626951
8680129
5019013
9194208
1790111
7655513
3874409
284336
5012719
4370593
7072524
7636432
2357489
3169015
2652036
2942216
1914514
4219399
2388326
1186273
5590127
3344438
9134771
5520610
8866242
2084023
9611736
9464622
8081291
680626
2747607
8086544
5287529
8011858
3415796
5683854
6244347
3446388
3477420
6588954
4745318
7940549
6210211
3052059
2943679
274067
7567970
4039989
6084813
7825186
6832562
9945704
1096611
6396472
5887482
6203917
4717733
9433321
9670319
6371701
5746175
6008459
6699533
6541279
3608683
7591592
6654497
1791231
7257708
8295405
4801286
9768123
207727
6485613
5207221
8705060
3267706
4569716
3607426
1307128
6414552
8245530
6721718
9190819
1378654
8305812
3345557
6294450
367196
6815938
2699913
206221
4243493
7075983
1515246
5731575
2398972
5181016
738049
3350899
7771244
1300391
6482749
8417176
2747190
8178360
4103529
2658638
695718
2674385
4881591
797213
1444713
2802045
4629166
8752463
3694393
2882584
9114890
523375
6581788
4001957
8653702
8355802
2488931
6647973
6677651
1625972
7630633
7962918
9570728
8166054
99587
5207969
3430473
2269549
1650724
6323407
8313785
9852390
7565950
3035960
9117276
7971434
7980316
4801914
6902852
7629466
4013637
3142551
9779143
8548266
8112109
5646195
9585068
7407969
8188407
6474169
4380425
715792
9156637
8517403
7139268
2595173
9750397
5967113
621665
8890415
6988
669289
7183425
2158337
8484023
7023074
9678417
2123942
7200946
1824316
3714594
400344
1473950
5700816
7249370
4952327
707452
1230678
8315338
9159973
2508443
9486269
7399599
9590929
7898016
6901705
1725458
6529721
3156756
5272068
6374387
3271288
3810499
3937012
8117445
2382236
9091844
8368054
7583494
3225590
6024414
6853417
8852533
5998393
3015202
6480637
7423613
2336959
6090639
6170278
1853930
1818156
8533872
1552240
9397288
6354555
6321042
5268274
5373452
5616451
1099528
2599491
5529335
8409230
1185236
7122712
9405902
9663987
7568266
7853194
4052307
687730
7335067
1244672
4123542
8587371
8509710
5110661
2433540
2194704
8970035
9002881
4602760
7848734
6755774
4088612
4894730
2707140
5485520
3444124
2921750
6295098
6890153
9311240
1049533
9387415
5532911
4493928
5549444
5614569
3025911
697689
1082158
4432813
9507108
3532894
5915448
6793079
6568678
9250010
3469435
9055636
4720310
5080025
8145334
7750769
5757446
9424823
4249167
1581633
4197773
1041454
794641
5408088
8229390
2861472
7096775
6033811
4087106
408189
3278419
9125928
3353131
2382555
9567144
8708121
3326780
662965
5445224
6235698
5396735
1696854
9416115
6337101
8896353
7074598
9931351
8692342
4402413
9445555
3897756
9471053
7342754
7403326
2625661
312835
2269145
3564187
1122742
8435656
7325217
5300679
94931
3657621
733823
3195764
9106811
3779979
8638328
6928229
4658859
7588959
9274267
8131810
9109946
285034
2805784
8111804
6795594
6840084
7009223
6150503
9021549
7744790
7773015
5998167
5706109
5307355
7626085
1173837
1815253
4889485
4768180
4868093
1768571
1343667
7151904
3365269
403055
5083726
2638908
9704654
1746246
630213
6067362
3092630
7201987
1871471
5942032
2765566
1740368
9029646
3707958
4333804
7021803
8790676
6841750
6963686
2796612
7515157
7146055
3288413
9081554
6857623
9159463
349497
1086843
2959853
7774973
4233895
2342330
5062279
9753470
7308377
6729422
1436770
8862555
8209059
5433442
3361958
1776500
4957215
3501333
5820566
3105663
9667685
712662
7373280
5093719
6776149
6347701
2942775
9797115
8222159
3451365
3887080
4024188
5891474
2609750
5143327
1360358
8546540
8796580
5215258
135118
3155841
5174839
8659208
5704612
6850320
1043874
215270
2482459
9994379
3817247
2892025
7362267
5448961
2022035
895088
31193
2503699
9110348
3881582
490102
9867099
9938178
1753910
173218
6492850
2596860
3431428
3738500
6354441
9258710
7750313
9863919
2553697
5655822
2515257
115144
4032756
8200050
7316135
9894682
6258015
2430307
5950118
9535967
6626085
8636478
6536969
2545935
1171023
4564553
7093086
5635944
8718379
4557340
6765661
3846797
8883631
5242412
6816795
5728090
7167731
466391
7936255
4912200
3423517
6884300
770312
6083075
6356220
5557008
867629
7138379
5149128
8383809
6453090
4824496
7995236
4263597
9694466
4117885
7541285
5422083
3703556
9220190
8741517
4139396
7427060
8713978
6221754
870370
2091145
9662035
1554690
4435994
2800618
9393266
269313
5590380
4222988
9332780
7802868
9521982
574101
2370201
9505509
5101791
5081717
4370824
5750430
9476245
9841676
8060352
1567874
8661194
976890
249227
8265179
810038
200800
7986412
6997185
1492772
1872613
7133825
7357739
5575953
7945020
8896132
7344918
7193741
9600681
8777104
7958791
8955928
3205289
3438354
3426759
1021749
4466372
645287
3049902
6646782
7912825
1765455
7980945
1985917
1861663
3389843
7537782
3477940
2519573
5281889
8399179
8533613
7152781
8455853
6120952
9579090
2263345
4176032
4680824
4113002
6725015
6511053
1875835
1072224
1196541
8650090
3327385
3045402
6205814
8326879
8287625
318360
3478218
8151562
2029722
868852
3541364
6193626
5606721
7781173
8358382
2872413
8386896
1923675
7500615
1012394
215465
4507513
2348296
9180418
5012337
6393609
8716953
2881425
2096001
4559804
8008552
8416454
1788182
4073143
7121449
6745062
6679761
8905653
4555344
9324866
7083137
8987701
2451078
8375490
4909390
6119182
6717280
8325819
1297006
799167
4545792
8784402
2965321
4970804
6487369
4155713
2628770
8660044
9097772
2990706
701054
5867248
5566479
8106704
515294
3222597
1308886
3029126
7859593
9095678
2118381
6592686
6995086
108902
6177351
9384638
158629
7266662
6436239
6495872
6287279
3231799
4714589
1829091
6212440
3797839
6260280
7552051
9876956
1666556
1022430
7594008
8375430
741104
6740929
5931652
1515218
8862334
2203845
7319398
5119235
600338
7533882
2161529
1351364
6956872
350826
6278813
4928404
3305969
6006355
8312581
9844496
7363647
2841043
1455705
9621701
975242
6231559
1541248
3539523
1223074
3844333
4004670
3258983
1458987
2795807
4945165
5877095
4835920
9480250
1475244
1127094
845563
5329453
5042504
6997754
4385378
9490509
7927122
5138335
6941660
9264476
1271875
1231471
7705068
762428
5165864
1573316
733686
5486670
1949621
1100634
5049589
9846261
5685047
9320122
3228972
4255089
5831511
3761322
6887040
8196914
5343540
1893357
9017012
1140586
2277985
4519578
7336705
5263827
5837234
1550939
6323268
1135677
1635779
9373681
1759462
9988950
8970689
8911905
6335752
5094510
4787062
1179311
5159726
2305973
1324270
4183280
7030093
1631417
5757148
9088715
5091240
6454551
3487301
2703119
2544484
859377
2522326
9318870
3408700
3902781
8429049
5640103
9578335
1086572
2115643
4299586
8499810
1239962
4351526
4355055
8002470
1038215
587657
6785826
7262773
5026016
6600961
8331411
6150749
7050094
4061510
3422529
9272895
8278918
2636856
4131688
6459084
633075
8276774
8633314
3052974
7116219
8156741
539241
5395427
1360652
3838643
7685129
7522743
5740690
2051599
2844657
5142314
5340956
6263846
2204637
7684431
4831814
988862
8867365
5844417
6687797
7951372
2708085
8895980
3187098
4372794
4064731
2885498
9863201
5676803
8089035
834034
5239570
3433259
4544584
7521903
4724499
8937082
1911300
5698880
8175283
3180724
8666844
8578152
8710063
7873529
9286917
8100896
258526
3345359
1026642
2276867
6858552
5370233
5803784
7370321
429227
4405909
4002157
3585791
2541349
5267519
9582478
2274683
2961085
4938019
2567961
6306315
7063874
8868282
9530169
6751142
4375231
5666903
3549113
1758691
3870887
3153215
2642813
6769588
7512821
3426280
7813131
6638155
5955591
7017857
8576231
9156172
321084
7736243
2169585
9864224
7024588
6985324
6129612
4700200
7351456
5260996
9722683
9613315
5573117
4999192
1390283
3143369
9849249
2224095
8272194
8146543
2775277
2615832
7149746
560028
8668290
1979608
5826300
8470912
2772474
1614036
1817770
7283348
